CST,最高温度C,平均温度C,最低温度C,露点C,MeanDew PointC,Min DewpointC,Max 湿度, Mean 湿度, Min 湿度, Max 海平面气压hPa, Mean 海平面气压hPa, Min 海平面气压hPa, Max 能见度Km, Mean 能见度Km, Min 能见度kM, Max 风速Km/h, Mean 风速Km/h, Max 瞬间风速Km/h,降水量mm, CloudCover, 活动,WindDirDegrees
2013-11-1,32,25,18,19,16,13,100,58,31,1017,1014,1012,11,7,5,21,8,26,0.00,,,27
2013-11-2,30,26,22,19,16,15,69,55,45,1015,1013,1011,9,7,4,32,18,,0.00,6,,6
2013-11-3,29,26,22,19,17,15,67,56,44,1018,1015,1013,10,7,5,35,26,43,0.00,4,,14
2013-11-4,26,23,22,17,15,14,65,58,51,1021,1018,1017,8,7,6,29,21,,0.00,6,,28
2013-11-5,23,21,19,19,18,15,99,84,61,1022,1020,1018,7,5,0,18,10,,9.91,7,中雨,22
2013-11-6,28,23,19,21,19,18,96,77,52,1021,1019,1016,18,7,4,14,5,,0.00,5,,62
2013-11-7,30,24,19,20,18,15,95,70,36,1020,1017,1014,11,6,4,11,5,,0.00,,,99
2013-11-8,29,24,19,22,20,19,99,77,52,1019,1016,1014,10,5,3,11,3,,0.00,6,,73
2013-11-9,31,26,20,22,20,17,99,72,43,1017,1015,1013,14,6,2,14,5,,0.00,6,,85
2013-11-10,28,26,24,24,22,20,94,80,69,1016,1015,1013,14,9,6,14,8,,0.51,7,中雨,66
2013-11-11,29,26,23,22,21,20,89,74,61,1016,1013,1010,16,9,6,18,8,,0.00,6,,92
2013-11-12,25,21,17,20,18,16,100,86,72,1015,1013,1010,19,8,3,26,13,43,7.87,7,中雨,50
2013-11-13,19,17,15,16,14,12,99,85,72,1018,1016,1014,31,10,3,26,16,,0.51,8,中雨,16
2013-11-14,19,17,16,15,14,13,94,81,68,1021,1019,1017,18,9,5,26,13,,0.00,8,中雨,348
2013-11-15,24,20,16,15,12,10,83,62,45,1022,1020,1017,19,11,6,21,14,,0.00,5,中雨,11
2013-11-16,25,19,14,13,11,10,82,60,42,1022,1019,1017,11,8,5,18,10,,0.00,,,23
2013-11-17,24,19,15,13,7,3,74,42,28,1021,1019,1018,19,10,6,21,11,,0.00,8,,24
2013-11-18,25,19,13,12,7,3,76,45,17,1023,1021,1019,19,10,8,18,6,,0.00,,,44
2013-11-19,22,18,14,13,9,5,84,51,25,1023,1021,1019,14,8,6,11,5,,0.00,8,,64
2013-11-20,24,18,13,13,10,4,93,59,29,1022,1020,1017,10,7,4,11,5,,0.00,8,,72
2013-11-21,25,19,13,15,11,6,88,60,29,1021,1018,1016,14,7,5,6,5,,0.00,,,83
2013-11-22,27,21,16,16,13,8,95,60,23,1021,1018,1016,19,7,3,11,5,,0.00,,中雨,84
2013-11-23,27,22,17,18,15,13,94,65,37,1020,1017,1014,10,6,3,11,5,,0.25,4,,105
2013-11-24,26,21,15,19,17,10,100,78,54,1017,1015,1013,23,6,1,32,8,55,4.06,7,中雨,12
2013-11-25,22,17,12,10,4,-1,76,46,20,1019,1016,1014,31,23,11,29,16,,0.00,,,359
2013-11-26,23,17,11,13,8,5,85,56,27,1020,1017,1013,21,10,7,11,3,,0.00,2,,87
2013-11-27,18,14,12,14,12,9,95,81,64,1025,1020,1016,10,7,3,32,10,32,4.06,7,中雨,27
2013-11-28,20,14,9,10,4,-4,92,54,22,1028,1025,1022,23,10,6,35,21,,2.03,8,中雨,19
2013-11-29,18,12,7,6,-2,-8,85,37,14,1029,1025,1021,31,22,13,29,14,43,0.00,,,21
2013-11-30,21,14,7,7,1,-4,76,46,14,1025,1022,1019,31,22,11,11,5,,0.00,,,45
2013-12-1,23,16,9,8,3,-4,78,47,15,1024,1022,1020,31,11,6,18,3,,0.00,,,23
2013-12-2,24,16,8,9,4,-1,90,49,14,1023,1021,1017,31,10,6,11,2,,0.00,,,60
2013-12-3,24,16,7,11,6,1,97,58,12,1022,1019,1017,23,7,3,11,3,,0.00,,,76
2013-12-4,24,17,9,9,7,3,90,55,17,1021,1019,1016,18,8,5,26,6,35,0.00,,,33
2013-12-5,23,16,8,8,4,-2,85,49,12,1021,1018,1016,23,9,6,11,6,,0.00,,,87
2013-12-6,22,16,9,8,4,-1,85,50,19,1020,1017,1015,13,8,6,26,6,,0.00,,,16
2013-12-7,23,16,9,11,7,4,90,58,25,1020,1018,1016,10,6,3,14,3,29,0.00,,,360
2013-12-8,24,17,9,14,10,8,97,64,33,1018,1015,1012,10,5,2,11,3,,0.00,6,,63
2013-12-9,25,20,16,14,11,8,82,54,30,1017,1015,1012,8,5,4,29,11,47,0.00,6,,348
2013-12-10,22,18,14,12,7,4,75,49,31,1018,1015,1012,6,5,3,26,14,29,0.00,5,,27
2013-12-11,19,16,13,10,3,-1,59,42,30,1020,1018,1016,8,5,4,21,11,,0.00,6,,24
2013-12-12,16,14,12,11,4,-2,80,50,31,1020,1018,1015,8,5,3,18,6,,0.51,7,中雨,33
2013-12-13,16,14,12,13,11,7,99,83,55,1021,1019,1017,5,4,2,18,8,,5.08,8,雾-中雨,352
2013-12-14,15,14,13,13,13,12,100,93,82,1022,1020,1018,8,4,0,21,10,,7.87,8,中雨,12
2013-12-15,15,13,12,13,12,11,96,93,88,1021,1019,1016,7,4,2,26,11,,16.00,8,中雨,16
2013-12-16,11,10,9,10,9,8,100,92,82,1021,1018,1016,18,8,3,29,18,,9.91,7,中雨,348
2013-12-17,11,9,8,9,8,5,96,87,76,1021,1018,1016,31,10,6,21,14,,13.97,7,中雨,334
2013-12-18,13,11,8,5,3,1,76,61,42,1025,1022,1020,31,12,10,40,21,58,0.00,6,,15
2013-12-19,14,10,6,4,2,0,81,54,33,1025,1023,1021,27,13,8,29,21,43,0.00,5,,16
2013-12-20,16,11,6,6,3,1,81,57,34,1027,1024,1022,18,10,8,21,8,29,0.00,5,,7
2013-12-21,16,11,7,3,1,-1,63,47,28,1028,1025,1024,10,6,5,26,14,,0.00,6,,3
2013-12-22,16,10,5,4,-3,-7,73,40,22,1028,1025,1023,10,8,6,21,8,,0.00,,,11
2013-12-23,18,12,7,4,-1,-5,66,43,18,1025,1023,1021,11,7,5,21,6,,0.00,,,18
2013-12-24,18,12,7,5,-2,-5,72,39,21,1027,1024,1021,11,9,6,26,10,35,0.00,,,11
2013-12-25,18,13,8,3,-1,-3,58,40,25,1025,1023,1019,10,8,5,26,14,,0.00,,,13
2013-12-26,18,12,7,2,-3,-6,57,33,15,1026,1022,1019,11,8,6,29,18,,0.00,,,359
2013-12-27,15,11,8,-1,-4,-7,44,32,20,1027,1025,1022,8,5,3,32,21,47,0.00,,,14
2013-12-28,14,9,4,1,-8,-14,58,29,9,1027,1024,1021,13,6,4,21,13,,0.00,,,8
2013-12-29,16,10,4,2,-8,-13,77,29,12,1026,1023,1020,19,11,7,26,11,,0.00,,,27
2013-12-30,18,11,4,4,-2,-7,73,44,10,1026,1023,1020,16,8,6,14,5,,0.00,,,12
2013-12-31,20,13,6,5,1,-6,81,48,15,1025,1022,1019,14,7,5,18,5,,0.00,,,354
2014-1-1,21,13,5,7,2,-4,87,51,12,1022,1019,1016,19,7,5,11,3,,0.00,,,126
2014-1-2,22,14,6,12,8,4,92,65,36,1019,1016,1014,10,5,2,11,3,,0.00,5,,84
2014-1-3,24,18,12,13,11,9,95,63,39,1018,1016,1014,11,5,3,18,5,,0.00,6,,2
2014-1-4,21,16,10,9,4,1,73,44,21,1021,1019,1017,11,6,3,29,14,32,0.00,,,346
2014-1-5,21,14,7,8,3,-2,85,53,17,1021,1019,1016,14,5,3,14,5,,0.00,,,76
2014-1-6,22,14,8,11,8,6,92,63,36,1020,1017,1014,14,4,2,11,6,,0.00,5,,86
2014-1-7,21,17,13,16,12,10,94,70,48,1018,1016,1014,11,4,2,14,5,,0.51,8,中雨,72
2014-1-8,18,14,12,16,11,5,94,74,55,1023,1020,1017,18,7,0,29,11,,0.00,7,雾,353
2014-1-9,15,13,11,6,4,3,62,53,40,1026,1024,1022,19,10,8,29,19,,0.00,7,,16
2014-1-10,18,14,10,10,7,4,90,62,45,1027,1024,1021,14,8,2,11,8,,0.00,8,,58
2014-1-11,22,17,11,12,9,8,90,66,40,1026,1023,1020,14,5,2,11,6,,0.00,6,,84
2014-1-12,18,14,11,12,8,5,96,64,45,1027,1025,1023,18,8,2,29,13,47,0.00,5,雾,350
2014-1-13,14,11,8,5,3,2,69,57,40,1028,1025,1023,18,11,10,29,18,,0.00,6,,7
2014-1-14,17,12,7,6,2,0,80,51,32,1027,1025,1023,21,15,8,26,14,,0.00,,,12
2014-1-15,17,11,6,4,0,-3,85,48,20,1028,1026,1024,16,8,3,21,10,,0.00,,,29
2014-1-16,19,11,4,7,3,0,96,59,20,1027,1024,1022,16,6,2,11,5,26,0.00,,,89
2014-1-17,21,13,6,7,4,0,95,55,22,1026,1024,1021,13,7,2,21,6,35,0.00,,,15
2014-1-18,21,14,8,4,-1,-4,62,34,15,1030,1027,1025,23,9,3,32,16,35,0.00,,,10
2014-1-19,19,12,5,5,1,-3,83,46,17,1029,1026,1024,13,6,3,14,6,,0.00,,,77
2014-1-20,21,13,6,5,1,-4,83,46,16,1027,1025,1022,14,7,3,26,8,32,0.00,3,,18
2014-1-21,19,13,7,-3,-7,-13,37,23,9,1027,1026,1023,18,8,6,29,18,43,0.00,,,11
2014-1-22,19,11,2,2,-9,-14,72,26,8,1028,1026,1022,26,12,7,18,11,29,0.00,,,25
2014-1-23,19,11,2,5,0,-4,89,50,12,1025,1023,1019,14,8,5,11,5,,0.00,,,81
2014-1-24,21,12,4,12,7,2,94,60,36,1022,1018,1015,19,7,2,18,5,29,0.00,6,,84
2014-1-25,22,18,13,14,12,10,88,72,51,1020,1017,1015,19,7,4,11,3,,0.00,6,中雨,101
2014-1-26,25,20,14,14,13,11,90,65,35,1021,1019,1016,19,7,5,11,2,29,0.00,5,,24
2014-1-27,23,18,13,14,12,11,90,68,41,1023,1020,1017,11,5,3,11,3,,0.00,3,,159
2014-1-28,23,17,11,13,12,10,95,72,40,1023,1020,1017,11,4,2,11,3,,0.00,,,55
2014-1-29,24,17,11,13,12,8,94,71,30,1022,1019,1017,11,4,2,14,5,32,0.00,,,96
2014-1-30,26,18,11,14,11,9,94,67,28,1022,1019,1016,14,5,2,11,5,,0.00,,,81
2014-1-31,27,19,11,13,11,6,97,62,22,1020,1017,1015,23,4,0,18,5,,0.00,,雾,151
2014-2-1,26,19,13,16,13,11,95,66,33,1017,1015,1012,26,8,2,11,5,,0.00,5,雾,124
2014-2-2,26,19,12,15,13,12,98,68,34,1014,1011,1008,18,7,3,11,5,,0.00,3,,204
2014-2-3,28,20,13,15,13,10,96,66,30,1012,1009,1007,23,7,2,11,3,26,0.00,3,,189
2014-2-4,22,17,13,15,14,12,95,72,50,1014,1012,1010,18,7,3,18,6,,0.00,6,,127
2014-2-5,24,20,16,15,14,13,90,69,52,1016,1013,1010,18,8,5,14,8,29,0.00,5,,144
2014-2-6,25,21,17,17,16,15,88,72,57,1014,1011,1008,23,10,5,18,8,,0.00,6,,143
2014-2-7,24,17,10,18,14,8,94,81,65,1014,1011,1009,19,9,5,35,10,40,0.76,8,中雨,56
2014-2-8,12,11,9,9,8,5,95,82,67,1015,1013,1011,26,9,4,21,14,,1.02,8,中雨,8
2014-2-9,10,8,7,9,7,3,96,89,68,1019,1014,1011,31,10,3,32,13,,7.87,8,中雨,360
2014-2-10,9,7,6,4,-1,-2,81,58,46,1024,1021,1020,27,12,10,40,27,55,0.00,8,中雨,16
2014-2-11,7,6,4,-2,-4,-6,57,48,36,1024,1022,1020,26,11,10,29,19,,0.00,8,,15
2014-2-12,7,6,4,4,0,-4,96,70,49,1023,1020,1018,14,8,1,18,13,32,3.05,8,中雨,16
2014-2-13,8,6,4,4,3,1,93,78,60,1026,1024,1022,18,9,3,26,16,40,2.03,8,中雨,1
2014-2-14,13,9,5,2,1,-1,71,57,37,1027,1024,1021,19,9,7,26,18,,0.00,4,,19
2014-2-15,9,7,6,6,2,0,87,67,57,1024,1021,1019,14,8,5,14,10,,0.00,8,中雨,17
2014-2-16,16,12,8,10,8,6,93,80,59,1020,1018,1017,13,6,3,6,5,,0.00,8,中雨,305
2014-2-17,22,17,12,16,13,10,100,87,63,1020,1018,1016,11,4,1,11,3,,0.00,7,雾,69
2014-2-18,16,11,7,14,9,4,100,89,76,1023,1019,1015,31,8,1,35,13,40,4.06,8,中雨,344
2014-2-19,9,7,6,5,3,1,88,71,56,1026,1024,1021,27,12,5,29,19,43,4.06,7,中雨,352
2014-2-20,19,11,3,6,1,-2,82,56,16,1028,1025,1023,27,14,6,14,10,,0.00,,,6
2014-2-21,18,12,6,8,4,1,87,61,29,1027,1024,1021,26,9,3,14,6,26,0.00,6,中雨,96
2014-2-22,14,12,11,11,9,7,95,82,63,1025,1023,1021,14,6,2,14,5,,1.02,8,中雨,50
2014-2-23,22,17,11,13,11,7,94,74,30,1025,1022,1020,18,6,2,18,3,26,1.02,8,中雨,238
2014-2-24,23,17,11,15,13,9,95,73,47,1022,1020,1017,19,7,2,18,5,,0.00,6,,142
2014-2-25,26,21,16,19,16,14,100,78,56,1020,1017,1015,16,6,2,21,5,,0.51,5,中雨,138
2014-2-26,25,21,18,18,17,15,100,82,54,1020,1018,1015,16,5,2,18,6,,0.00,7,雾-中雨,6
2014-2-27,27,22,17,18,16,14,88,71,43,1021,1018,1014,18,9,4,18,8,,0.00,4,,124
2014-2-28,22,19,17,18,17,14,94,82,69,1019,1016,1013,14,6,3,14,6,,0.25,7,中雨,104
2014-3-1,25,21,17,19,18,15,94,82,63,1016,1014,1011,16,6,3,29,8,,0.00,7,中雨,110
2014-3-2,19,17,14,14,12,10,100,78,58,1017,1015,1013,26,10,3,29,16,,0.00,8,中雨,2
2014-3-3,15,14,14,14,13,12,100,92,87,1018,1016,1015,10,5,1,14,10,,0.00,8,中雨,49
2014-3-4,16,14,13,15,14,12,100,94,87,1020,1018,1016,14,5,1,18,6,35,0.00,8,中雨,19
2014-3-5,17,14,13,13,11,8,94,74,54,1021,1019,1016,27,11,2,21,11,29,0.00,8,,32
2014-3-6,17,16,14,15,13,12,100,87,67,1021,1017,1016,10,4,2,14,5,,2.03,8,中雨,57
2014-3-7,15,14,13,14,13,12,100,93,88,1022,1020,1018,10,5,2,11,6,,1.02,8,中雨,44
2014-3-8,14,13,12,14,13,11,100,93,88,1022,1019,1017,10,5,1,18,8,,0.51,8,中雨,22
2014-3-9,13,11,9,11,9,8,93,86,77,1024,1022,1020,14,9,5,21,13,,3.05,7,中雨,18
2014-3-10,13,12,11,12,11,9,100,92,87,1025,1023,1020,11,5,2,11,5,,2.03,8,中雨,41
2014-3-11,15,13,12,14,13,11,100,95,83,1023,1020,1017,13,5,1,11,5,,0.00,8,中雨,42
2014-3-12,19,17,14,18,16,14,100,97,91,1018,1014,1011,3,1,0,14,5,,18.03,8,雾-中雨-雷暴,321
2014-3-13,22,19,17,18,13,9,100,70,47,1022,1017,1014,27,11,3,29,18,43,0.00,6,中雨,2
2014-3-14,17,14,13,9,7,5,72,57,39,1026,1023,1020,19,10,6,26,13,,0.00,8,中雨,24
2014-3-15,17,14,12,11,8,6,77,64,49,1024,1022,1020,14,8,5,6,5,,0.00,8,中雨,72
2014-3-16,19,17,14,15,13,11,88,79,57,1023,1021,1019,14,5,3,11,6,,0.00,8,,42
2014-3-17,24,20,16,18,16,14,94,81,56,1021,1019,1016,10,4,2,11,3,,0.00,8,,79
2014-3-18,26,22,18,20,18,17,96,81,47,1018,1015,1012,19,5,2,14,3,,0.00,7,中雨,127
2014-3-19,28,23,18,20,18,17,95,77,44,1015,1013,1010,11,5,2,11,5,,0.00,5,,68
2014-3-20,27,21,16,19,16,5,96,73,47,1020,1015,1012,19,6,2,43,11,55,0.51,5,中雨,13
2014-3-21,16,14,13,9,6,4,72,56,46,1024,1021,1019,26,11,8,29,21,55,0.51,7,中雨,27
2014-3-22,22,17,12,12,9,7,76,59,32,1023,1021,1019,23,9,6,11,6,,0.00,7,,58
2014-3-23,25,20,14,14,12,6,88,64,21,1024,1021,1018,19,6,3,11,6,,0.00,7,中雨,90
2014-3-24,28,20,12,15,12,7,95,60,20,1022,1019,1015,23,7,3,14,5,,0.00,4,,153
2014-3-25,28,22,16,18,16,15,91,66,40,1018,1015,1011,19,8,5,14,6,,0.00,4,,145
2014-3-26,29,23,17,19,18,16,98,71,40,1016,1013,1010,19,5,3,11,5,26,0.00,6,,134
2014-3-27,29,23,17,20,18,17,95,72,44,1014,1012,1009,26,7,3,21,6,,0.00,5,,143
2014-3-28,26,23,21,21,21,19,90,80,66,1014,1011,1008,23,8,4,21,11,,0.00,7,中雨,159
2014-3-29,26,22,19,22,21,19,100,85,69,1012,1010,1009,19,6,2,18,8,,8.89,7,中雨-雷暴,138
2014-3-30,21,20,19,21,20,19,100,96,92,1011,1009,1005,18,5,1,29,13,55,77.98,5,中雨-雷暴,59
2014-3-31,24,21,18,21,19,18,100,92,78,1012,1008,1005,14,5,0,29,10,,38.10,6,中雨-雷暴,140
2014-4-1,21,19,18,20,18,16,100,89,73,1015,1011,1009,19,7,0,21,6,43,7.87,5,雾-中雨-雷暴,29
2014-4-2,23,21,18,19,18,17,100,91,62,1015,1011,1007,26,7,1,47,6,76,8.89,6,雾-中雨-雷暴,51
2014-4-3,26,22,18,21,19,18,100,84,61,1016,1013,1010,27,7,2,18,6,43,27.94,5,中雨-雷暴,36
2014-4-4,27,22,17,19,17,15,94,72,43,1018,1016,1014,18,7,0,18,6,,0.00,6,雾-中雨,116
2014-4-5,27,21,15,18,16,13,97,71,34,1018,1016,1013,19,6,2,11,5,,0.00,2,,117
2014-4-6,22,19,17,18,17,15,94,86,64,1019,1017,1015,10,5,2,21,6,,7.87,8,中雨,70
2014-4-7,22,20,17,19,18,17,100,87,69,1018,1016,1014,16,5,2,6,5,,0.51,7,中雨,74
2014-4-8,24,21,19,21,19,18,96,87,71,1016,1014,1012,14,4,0,6,5,,0.25,8,雾-中雨,84
2014-4-9,29,24,20,22,21,18,100,79,47,1015,1013,1010,18,4,0,14,3,,0.00,5,雾,139
2014-4-10,28,24,21,21,20,18,88,76,54,1016,1014,1011,19,7,3,18,6,,0.00,6,,129
2014-4-11,27,23,20,21,19,17,83,74,53,1015,1013,1010,23,8,4,18,10,,0.00,6,,157
2014-4-12,29,26,22,22,21,19,88,75,50,1013,1011,1009,23,7,4,11,6,,0.00,6,,143
2014-4-13,33,28,22,24,22,21,92,72,43,1014,1011,1009,19,6,2,14,5,,0.00,3,中雨,116
2014-4-14,28,26,23,24,21,18,92,76,65,1016,1013,1011,16,7,2,14,6,,0.76,7,中雨,75
2014-4-15,27,24,21,19,18,16,83,68,44,1017,1014,1012,18,8,5,18,10,,0.00,7,,154
2014-4-16,26,23,21,21,19,17,83,75,63,1014,1012,1009,18,7,5,21,10,,0.00,8,,142
2014-4-17,29,26,22,21,21,18,88,74,46,1013,1011,1009,27,7,3,14,6,,0.00,6,,143
2014-4-18,31,26,20,22,21,19,95,75,49,1013,1011,1009,23,7,3,18,6,,0.00,4,,151
2014-4-19,30,26,21,23,22,20,93,75,50,1013,1011,1009,21,8,4,14,6,,0.00,6,,137
2014-4-20,28,26,23,24,23,22,94,83,67,1013,1010,1008,10,5,2,11,3,,0.00,7,中雨,58
2014-4-21,30,27,24,23,22,21,89,77,60,1013,1011,1009,19,8,3,21,10,,0.00,5,,150
2014-4-22,25,23,22,22,21,20,94,83,74,1014,1012,1011,14,8,2,18,8,,0.25,7,中雨,55
2014-4-23,23,21,20,22,21,19,100,95,81,1014,1011,1009,6,3,1,14,8,,2.03,8,中雨,64
2014-4-24,25,23,21,22,21,19,94,86,77,1012,1010,1008,13,5,3,11,8,,0.00,8,中雨,102
2014-4-25,28,25,22,23,22,21,89,82,70,1013,1011,1009,19,6,3,18,6,,0.00,8,,136
2014-4-26,25,23,21,23,22,20,100,90,74,1015,1012,1009,18,6,0,26,8,,19.05,7,中雨-雷暴,84
2014-4-27,28,24,21,21,20,17,100,79,53,1015,1014,1012,26,9,2,29,10,32,0.00,4,,358
2014-4-28,30,26,21,19,17,16,78,61,39,1016,1014,1011,26,11,7,21,14,,0.00,4,,359
2014-4-29,29,24,19,20,17,15,94,65,40,1014,1013,1010,26,7,2,21,8,,16.00,7,中雨,29
2014-4-30,20,19,18,18,18,17,100,94,83,1014,1012,1011,10,5,2,18,8,,16.00,8,中雨,15
2014-5-1,24,21,17,21,18,17,100,86,73,1015,1013,1011,26,8,2,11,5,,1.02,7,中雨,65
2014-5-2,29,24,21,23,21,19,94,80,51,1016,1014,1012,31,9,4,6,5,,0.00,6,中雨,83
2014-5-3,32,27,21,23,20,16,96,69,33,1015,1013,1011,26,9,2,14,6,,0.00,5,,103
2014-5-4,26,23,21,23,21,17,100,82,59,1014,1011,1009,19,6,2,26,6,,25.91,8,中雨-雷暴,80
2014-5-5,22,19,17,19,17,16,96,85,69,1019,1015,1012,31,9,2,26,16,,34.04,8,中雨-雷暴,23
2014-5-6,21,19,17,19,17,16,100,89,78,1018,1017,1015,26,7,2,11,5,,0.51,8,中雨,42
2014-5-7,21,19,18,20,19,18,100,96,88,1016,1014,1012,13,4,0,11,5,,45.97,8,中雨,65
2014-5-8,24,22,19,22,21,19,100,95,87,1013,1010,1008,11,4,0,18,3,,12.95,8,中雨-雷暴,80
2014-5-9,23,22,21,22,21,20,100,93,87,1010,1007,1005,16,7,3,18,6,,16.00,8,中雨,104
2014-5-10,27,24,21,23,22,21,94,84,74,1009,1007,1004,27,10,2,35,13,47,0.00,7,中雨,134
2014-5-11,27,24,23,24,23,22,100,90,83,1009,1006,1004,14,8,1,18,10,,8.89,7,雾-中雨-雷暴,113
2014-5-12,27,24,22,24,23,21,100,89,79,1010,1008,1006,14,5,0,11,6,,0.00,7,雾,45
2014-5-13,32,28,24,27,24,23,94,86,70,1009,1006,1002,18,6,2,21,6,29,4.06,5,雾-中雨-雷暴,128
2014-5-14,32,29,26,26,25,24,94,79,61,1006,1004,1001,23,11,6,21,11,,0.00,6,中雨,160
2014-5-15,33,29,25,26,25,22,94,83,62,1007,1004,1002,18,9,3,21,8,,0.25,6,中雨-雷暴,78
2014-5-16,29,27,25,27,26,24,100,93,83,1009,1006,1005,19,6,2,21,8,,55.88,6,中雨-雷暴,81
2014-5-17,32,27,23,27,24,22,100,87,61,1010,1008,1005,27,9,3,29,10,,42.93,5,中雨-雷暴,137
2014-5-18,32,27,22,26,24,21,100,90,69,1010,1008,1006,14,7,1,29,6,58,8.89,4,中雨-雷暴,70
2014-5-19,31,27,23,26,24,22,100,90,73,1011,1008,1005,19,8,2,14,6,,6.10,6,中雨-雷暴,83
2014-5-20,32,28,23,27,24,22,100,90,57,1009,1007,1005,19,6,2,18,5,,10.92,6,雾-中雨-雷暴,151
2014-5-21,29,26,23,26,24,23,100,92,73,1008,1006,1003,14,7,1,21,8,,56.90,6,中雨-雷暴,111
2014-5-22,29,26,22,26,24,21,100,90,78,1008,1004,1003,26,9,2,29,11,47,25.91,5,中雨-雷暴,143
2014-5-23,25,23,22,25,23,22,100,97,91,1011,1008,1005,13,5,1,29,8,50,6.10,7,中雨-雷暴,69
2014-5-24,31,27,24,27,25,23,100,88,69,1012,1010,1009,27,9,3,29,6,,5.08,5,中雨-雷暴,109
2014-5-25,35,29,23,27,25,22,100,82,52,1013,1011,1008,27,10,0,61,8,84,9.91,5,雾-中雨-雷暴,162
2014-5-26,33,28,24,26,25,23,96,81,57,1012,1009,1007,27,8,0,14,6,,0.00,3,中雨,344
2014-5-27,34,29,25,26,25,23,95,77,49,1009,1007,1004,16,6,2,21,5,,3.05,5,,238
2014-5-28,35,30,25,26,24,22,94,72,49,1009,1006,1003,27,9,2,26,6,32,0.00,4,雷暴,225
2014-5-29,34,29,25,26,26,23,95,81,47,1007,1006,1004,27,8,4,40,6,58,0.25,4,中雨-雷暴,129
2014-5-30,31,28,26,28,26,24,100,89,62,1008,1006,1004,27,8,3,18,8,,0.00,6,中雨-雷暴,70
2014-5-31,36,31,26,27,25,21,100,73,43,1009,1007,1004,31,11,6,18,8,,0.00,3,,159
2014-6-1,36,31,27,26,25,22,89,69,38,1009,1006,1003,31,12,10,18,8,,0.00,5,,187
2014-6-2,36,31,27,26,24,23,84,67,47,1007,1004,1002,31,13,10,18,10,,0.51,5,,210
2014-6-3,31,28,24,27,24,23,100,86,67,1006,1003,1002,27,10,1,26,8,,9.91,5,中雨-雷暴,96
2014-6-4,35,30,26,26,25,23,94,76,46,1006,1003,1001,23,8,2,14,8,,0.00,4,中雨,135
2014-6-5,35,29,23,27,25,22,100,80,53,1005,1003,1000,26,10,1,32,8,47,55.88,5,中雨-雷暴,149
2014-6-6,29,26,23,26,24,23,96,91,79,1004,1002,1001,26,9,2,29,6,,23.88,5,中雨-雷暴,91
2014-6-7,30,27,24,26,25,24,100,88,74,1004,1002,999,11,4,0,21,5,,7.87,6,中雨-雷暴,156
2014-6-8,35,30,24,27,25,22,95,75,40,1003,1001,998,19,6,0,14,5,,0.00,2,雾,69
2014-6-9,33,28,24,26,25,23,95,78,56,1003,1001,998,23,8,3,18,8,,17.02,5,中雨,113
2014-6-10,31,28,26,26,25,24,92,80,66,1003,1001,999,19,9,3,18,6,,0.76,6,中雨,94
2014-6-11,29,27,24,26,25,23,100,91,79,1004,1002,1000,10,4,1,11,5,,26.92,6,中雨-雷暴,110
2014-6-12,33,29,24,26,24,18,97,77,29,1004,1002,1000,23,6,0,11,5,,0.00,2,雾-中雨,63
2014-6-13,35,29,22,25,21,15,94,61,23,1005,1002,1001,26,8,3,18,8,,0.00,2,,78
2014-6-14,36,30,24,24,22,19,80,56,31,1005,1003,1001,23,9,5,18,6,,0.00,2,,41
2014-6-15,36,31,26,26,23,22,84,62,38,1003,1001,999,19,8,5,21,6,,0.00,3,中雨,42
2014-6-16,37,32,27,27,26,22,91,67,42,1004,1001,998,18,6,0,18,8,,0.51,1,雾,190
2014-6-17,33,29,26,27,26,23,94,80,64,1006,1003,1002,26,11,4,43,10,,1.02,5,中雨-雷暴,158
2014-6-18,34,30,26,27,26,23,94,85,49,1005,1004,1002,27,7,2,26,6,47,0.00,4,中雨-雷暴,46
2014-6-19,34,31,28,27,26,24,94,80,56,1004,1002,1000,26,10,6,29,8,,0.25,4,中雨-雷暴,141
2014-6-20,32,29,26,28,27,25,100,87,70,1003,1001,1000,27,9,4,21,10,,5.08,6,中雨-雷暴,141
2014-6-21,31,27,24,27,26,23,100,91,66,1004,1002,1000,27,7,1,29,6,47,27.94,5,中雨-雷暴,96
2014-6-22,31,28,25,27,26,24,100,89,70,1005,1003,1002,23,7,0,18,6,,9.91,5,雾-中雨,96
2014-6-23,31,28,24,27,26,24,100,88,69,1006,1003,1001,24,8,2,18,6,,32.00,5,中雨-雷暴,94
2014-6-24,32,28,25,27,26,24,100,87,68,1006,1003,1001,26,10,3,29,8,,0.76,5,中雨-雷暴,107
2014-6-25,30,28,26,27,26,25,100,90,78,1007,1005,1003,19,8,3,21,6,,23.11,7,中雨-雷暴,101
2014-6-26,35,31,27,27,26,23,100,77,43,1007,1005,1003,26,10,6,14,6,,0.00,4,,159
2014-6-27,36,31,26,27,26,22,93,71,40,1007,1005,1002,27,11,6,14,8,,0.00,4,,147
2014-6-28,35,31,27,27,26,23,89,70,43,1006,1003,1001,23,10,7,11,5,40,0.00,4,中雨,135
2014-6-29,35,31,26,27,25,23,92,71,46,1007,1004,1001,26,11,3,26,8,,11.94,4,中雨,118
2014-6-30,35,31,27,26,25,24,89,74,56,1009,1007,1005,24,11,10,32,11,32,5.08,3,,105
2014-7-1,33,29,26,27,26,24,94,84,63,1010,1008,1006,23,10,5,18,10,,17.02,3,中雨-雷暴,96
2014-7-2,34,30,26,27,26,24,100,85,52,1008,1006,1004,26,9,3,18,6,,7.87,4,中雨-雷暴,114
2014-7-3,34,30,26,27,26,23,95,77,47,1006,1004,1001,26,11,6,11,6,,0.00,4,中雨,151
2014-7-4,36,31,26,27,25,23,90,69,41,1005,1003,1001,31,12,8,18,8,,0.00,4,,160
2014-7-5,36,31,27,26,25,21,89,67,33,1005,1003,1001,27,12,10,14,8,,0.00,4,,183
2014-7-6,37,32,27,27,25,21,89,67,32,1006,1003,1001,26,11,10,18,8,,0.00,3,,179
2014-7-7,35,31,27,27,26,24,88,72,43,1004,1001,999,18,10,3,14,6,,0.00,3,中雨-雷暴,83
2014-7-8,36,30,25,27,26,24,94,81,52,1002,1000,996,16,7,2,29,6,47,9.91,6,中雨-雷暴,70
2014-7-9,36,30,24,27,25,23,94,73,43,1004,1002,999,19,7,2,14,5,,0.00,2,,132
2014-7-10,36,31,26,27,26,24,91,74,50,1006,1003,1000,19,8,2,32,8,,16.00,3,中雨-雷暴,137
2014-7-11,31,28,26,27,26,24,95,86,69,1008,1005,1003,19,8,2,18,8,,4.06,4,中雨-雷暴,96
2014-7-12,34,29,25,27,26,23,100,87,63,1009,1006,1005,26,9,3,26,8,,2.03,3,中雨-雷暴,97
2014-7-13,35,30,26,28,26,24,100,82,49,1010,1007,1005,27,9,3,21,6,,17.02,4,中雨-雷暴,122
2014-7-14,35,30,26,27,26,23,95,76,49,1010,1008,1006,31,11,3,18,8,,0.76,3,中雨-雷暴,150
2014-7-15,35,31,27,27,26,23,89,74,46,1010,1009,1006,31,12,10,32,8,,0.51,5,中雨,156
2014-7-16,35,30,25,26,25,21,95,70,37,1010,1007,1005,27,11,6,14,6,,0.00,2,,131
2014-7-17,36,30,25,26,24,22,90,67,44,1007,1005,1002,31,11,6,18,8,,0.00,2,,86
2014-7-18,32,29,26,26,24,22,89,76,62,1006,1004,1003,31,12,2,40,14,58,4.06,5,中雨,89
2014-7-19,32,29,26,28,25,23,94,83,58,1009,1006,1004,31,12,6,26,11,40,23.88,4,中雨-雷暴,104
2014-7-20,35,30,26,26,25,23,100,79,47,1010,1008,1005,26,10,3,18,6,,7.87,4,中雨-雷暴,138
2014-7-21,32,28,25,27,26,24,94,83,59,1007,1005,1003,14,6,1,26,5,40,0.00,5,中雨-雷暴,149
2014-7-22,37,31,25,27,24,22,94,69,42,1005,1002,998,19,8,2,11,5,26,0.00,4,,10
2014-7-23,37,32,27,27,26,23,91,66,38,1001,999,996,19,8,3,18,6,32,0.00,2,,250
2014-7-24,37,30,23,27,25,20,94,70,44,1005,999,997,18,8,3,29,11,55,39.88,5,中雨-雷暴,202
2014-7-25,32,28,24,26,24,23,94,79,57,1008,1005,1003,14,6,0,26,10,,5.08,3,雾-中雨-雷暴,76
2014-7-26,34,29,24,26,25,23,94,78,56,1010,1008,1007,26,10,2,18,10,,2.03,3,中雨-雷暴,107
2014-7-27,33,29,25,26,24,23,94,78,57,1010,1008,1006,27,11,3,18,8,,8.89,4,中雨-雷暴,104
2014-7-28,36,30,24,26,24,21,94,68,38,1008,1006,1003,29,11,2,11,6,,0.00,3,,109
2014-7-29,37,31,24,25,24,21,94,64,34,1007,1004,1002,27,11,5,18,3,,0.00,4,,121
2014-7-30,37,31,26,26,24,22,88,63,38,1007,1004,1002,19,8,3,18,6,,0.00,4,,211
2014-7-31,38,32,26,27,25,22,91,64,36,1005,1002,999,18,7,3,18,8,,0.00,2,,234
2014-8-1,38,32,27,27,24,19,89,64,43,1003,1000,997,19,8,3,40,10,47,6.10,2,中雨,249
2014-8-2,37,31,24,25,24,22,93,69,44,1003,1001,997,19,7,2,29,8,,25.91,4,中雨-雷暴,114
2014-8-3,37,30,24,26,24,22,95,69,42,1003,1001,998,11,7,0,18,6,26,0.00,2,雾,116
2014-8-4,36,31,26,27,26,24,92,71,50,1004,1002,999,23,7,2,18,8,,0.00,4,中雨,128
2014-8-5,36,31,26,26,25,23,92,69,46,1005,1003,1000,26,9,4,18,8,,0.00,3,,122
2014-8-6,35,31,26,27,26,24,94,80,53,1004,1003,1000,26,9,3,32,8,,55.88,5,中雨-雷暴,91
2014-8-7,34,29,25,27,26,23,94,84,59,1004,1002,1000,23,6,0,21,6,,39.88,5,中雨-雷暴,71
2014-8-8,36,30,24,27,25,23,94,74,50,1004,1002,999,24,8,2,29,10,47,0.51,4,中雨-雷暴,135
2014-8-9,36,31,26,26,25,23,90,70,47,1006,1003,1001,27,12,6,18,8,,0.00,5,中雨,156
2014-8-10,36,31,26,26,25,23,94,72,44,1006,1003,1000,27,11,3,21,10,43,39.12,5,中雨-雷暴,186
2014-8-11,36,31,26,27,26,22,94,74,42,1004,1002,999,26,10,2,21,6,,0.00,4,中雨,137
2014-8-12,37,30,24,27,26,23,100,76,46,1003,1001,998,31,11,4,29,8,50,51.05,4,中雨-雷暴,174
2014-8-13,29,27,24,26,25,23,100,94,79,1005,1002,1000,10,6,1,32,8,61,7.87,6,中雨-雷暴,80
2014-8-14,31,28,25,27,26,24,100,89,66,1010,1007,1004,23,8,1,29,8,21,1.02,5,中雨-雷暴,131
2014-8-15,35,30,25,27,25,22,100,78,44,1011,1009,1007,31,9,2,29,6,,17.02,4,中雨-雷暴,183
2014-8-16,34,29,24,25,24,23,100,79,46,1010,1008,1005,21,8,0,21,5,,0.00,4,雾-中雨-雷暴,216
2014-8-17,34,29,24,26,24,21,94,74,37,1008,1006,1004,26,9,5,14,5,35,0.00,4,,203
2014-8-18,35,31,26,27,24,22,89,69,41,1009,1007,1005,31,11,6,14,6,,0.00,4,中雨,173
2014-8-19,32,28,24,26,25,22,100,83,56,1010,1008,1005,23,9,2,26,10,43,30.99,6,中雨-雷暴,186
2014-8-20,26,24,24,25,24,23,100,95,85,1011,1009,1008,14,6,0,14,8,,39.12,7,雾-中雨-雷暴,107
2014-8-21,32,28,23,26,24,22,100,88,51,1011,1010,1008,24,8,2,14,6,29,1.02,4,中雨-雷暴,71
2014-8-22,34,29,24,26,24,22,100,83,52,1011,1010,1007,18,7,2,21,5,,24.89,5,中雨,109
2014-8-23,34,29,24,26,24,22,100,76,45,1011,1009,1006,26,9,2,14,5,35,0.00,5,中雨,181
2014-8-24,34,30,26,26,24,22,94,73,44,1011,1009,1007,31,12,7,18,5,,0.00,4,中雨,145
2014-8-25,35,30,24,25,24,21,95,69,44,1012,1009,1007,19,9,3,11,3,,0.00,5,,104
2014-8-26,35,30,25,26,24,22,91,69,46,1012,1010,1007,27,10,7,14,5,,0.00,4,,124
2014-8-27,35,30,24,26,24,22,92,66,43,1012,1010,1008,31,13,6,21,6,,0.00,4,,96
2014-8-28,34,29,24,26,24,23,94,73,53,1014,1011,1010,29,12,3,32,10,,20.07,3,中雨-雷暴,105
2014-8-29,35,30,24,26,24,22,94,71,44,1014,1012,1009,26,11,5,6,3,,0.51,3,,99
2014-8-30,36,30,25,26,24,21,93,68,34,1013,1010,1007,26,10,3,14,6,,7.11,4,中雨,99
2014-8-31,34,29,24,25,24,22,95,78,54,1011,1009,1008,27,10,2,29,8,50,9.91,4,中雨-雷暴,90
2014-9-1,36,29,23,25,24,23,95,75,45,1012,1010,1008,26,11,3,26,6,,0.00,4,中雨-雷暴,82
2014-9-2,34,29,24,27,24,22,94,73,46,1013,1010,1008,26,7,2,11,3,29,0.00,5,,234
2014-9-3,36,30,25,26,24,22,95,67,37,1011,1009,1006,27,10,2,29,6,26,0.00,3,中雨,267
2014-9-4,36,30,24,24,22,20,87,61,37,1009,1007,1004,29,13,6,18,11,,0.00,1,,15
2014-9-5,32,28,24,26,24,22,94,81,66,1009,1007,1005,14,7,3,21,8,,1.02,4,中雨-雷暴,84
2014-9-6,35,29,23,26,24,22,95,72,40,1010,1008,1005,19,9,2,18,6,,0.00,4,,53
2014-9-7,36,31,26,26,24,22,90,70,44,1009,1007,1004,19,8,2,21,8,,0.00,3,中雨,87
2014-9-8,33,29,26,27,25,24,94,82,57,1008,1007,1005,31,11,6,18,8,,18.03,4,中雨-雷暴,76
2014-9-9,34,30,26,27,26,24,100,83,56,1009,1007,1005,21,9,3,21,6,,0.00,5,中雨-雷暴,84
2014-9-10,35,30,25,27,26,23,94,77,44,1010,1007,1005,19,9,3,6,3,,0.00,3,中雨,107
2014-9-11,35,30,26,26,25,23,91,73,49,1010,1007,1005,26,10,5,14,2,,0.00,4,,126
2014-9-12,34,29,25,26,25,23,93,78,55,1008,1006,1004,26,10,5,26,8,,14.99,4,中雨-雷暴,92
2014-9-13,34,29,25,27,26,24,94,82,59,1007,1006,1004,27,10,3,21,5,40,13.97,5,中雨-雷暴,92
2014-9-14,36,30,25,26,25,23,93,76,47,1008,1006,1004,31,12,3,18,6,,0.00,3,,75
2014-9-15,35,30,26,26,24,23,91,69,48,1005,1003,999,19,10,3,29,13,,4.06,5,中雨,32
2014-9-16,29,27,26,26,24,23,100,83,67,1008,1003,1000,31,12,6,35,18,58,25.91,7,中雨,79
2014-9-17,31,28,26,28,26,24,94,86,71,1014,1010,1007,26,11,6,29,13,,8.89,5,中雨-雷暴,101
2014-9-18,34,29,25,26,24,22,94,75,43,1014,1012,1009,26,11,3,11,6,,0.00,2,,77
2014-9-19,36,30,24,26,25,22,94,71,44,1010,1007,1004,26,9,2,21,6,35,0.00,4,,349
2014-9-20,31,27,24,22,21,19,78,66,49,1007,1005,1004,29,12,10,26,18,43,0.00,4,中雨,3
2014-9-21,30,27,23,20,18,17,75,57,48,1008,1006,1005,24,12,8,26,14,,0.00,6,,7
2014-9-22,32,28,23,22,19,17,77,58,44,1009,1007,1006,26,11,8,21,13,29,0.00,3,,16
2014-9-23,31,27,22,22,19,18,77,61,41,1010,1009,1007,23,11,8,21,13,32,0.00,4,,1
2014-9-24,33,28,23,23,21,19,83,63,40,1013,1011,1009,19,10,6,14,8,,0.00,3,,20
2014-9-25,35,29,23,24,22,19,91,66,37,1014,1012,1010,19,8,3,11,5,,0.00,3,,92
2014-9-26,34,29,24,25,23,16,90,68,28,1014,1012,1009,14,6,2,11,5,,0.00,1,,134
2014-9-27,34,29,24,25,23,18,92,69,30,1015,1012,1010,26,9,5,11,5,,0.00,4,,127
2014-9-28,35,29,24,25,23,18,90,66,31,1014,1011,1009,27,10,5,11,3,,0.00,3,,134
2014-9-29,36,30,24,25,23,20,93,67,35,1013,1011,1008,23,8,3,11,3,40,0.00,5,,152
2014-9-30,36,30,24,25,24,22,91,72,39,1013,1011,1009,19,7,2,29,5,,0.00,5,中雨-雷暴,41
2014-10-1,36,30,25,25,22,21,85,68,44,1014,1012,1009,18,8,5,29,8,,0.00,4,中雨,35
2014-10-2,35,29,23,25,22,20,92,67,39,1013,1010,1007,18,7,3,14,6,,0.00,3,,44
2014-10-3,34,29,24,24,22,19,91,67,42,1011,1009,1007,18,8,3,18,6,,0.51,4,中雨,56
2014-10-4,33,28,23,24,21,17,91,62,33,1012,1010,1008,19,8,3,18,6,,0.00,5,,51
2014-10-5,33,27,20,21,14,11,89,44,24,1015,1013,1011,27,15,5,26,13,,0.00,,,25
2014-10-6,32,26,19,18,13,11,75,41,26,1018,1016,1014,27,20,6,29,13,43,0.00,,,29
2014-10-7,31,24,18,17,12,9,82,44,27,1018,1015,1012,27,14,6,21,11,,0.00,,,24
2014-10-8,30,24,18,17,13,10,88,51,28,1016,1013,1011,18,9,5,21,6,,0.00,,,38
2014-10-9,31,26,22,18,14,12,71,46,26,1014,1011,1009,26,12,6,21,8,35,0.00,2,,14
2014-10-10,31,26,21,18,15,13,72,49,34,1013,1011,1009,26,12,7,26,10,,0.00,1,,27
2014-10-11,33,27,20,19,16,14,82,49,33,1013,1011,1010,26,13,8,21,11,32,0.00,1,,3
2014-10-12,32,26,21,17,14,11,71,45,24,1016,1014,1012,26,12,8,32,18,55,0.00,1,,5
2014-10-13,30,26,21,15,12,9,64,43,25,1019,1017,1015,27,16,8,35,18,47,0.00,,,11
2014-10-14,29,24,19,16,12,10,69,45,27,1021,1019,1016,16,6,5,21,16,,0.00,2,,13
2014-10-15,30,23,17,17,13,11,83,52,25,1020,1017,1015,19,6,3,18,8,,0.00,,,68
2014-10-16,31,24,18,19,16,13,87,61,29,1020,1017,1015,18,6,2,11,6,,0.00,2,,94
2014-10-17,30,24,18,19,17,15,91,65,35,1020,1017,1015,14,6,2,11,6,,0.00,1,,96
2014-10-18,31,24,18,19,18,14,93,66,31,1018,1016,1013,19,6,2,11,6,,0.00,6,,104
2014-10-19,32,26,19,21,19,17,94,66,36,1018,1015,1013,18,7,2,14,6,,0.00,4,,107
2014-10-20,33,26,19,21,20,18,92,67,39,1016,1014,1012,18,7,2,14,5,,0.00,4,,143
2014-10-21,32,27,22,22,21,17,90,66,38,1017,1015,1013,14,7,3,29,5,,0.00,3,,290
2014-10-22,31,27,23,19,17,14,73,55,36,1018,1016,1015,26,13,10,29,18,,0.00,3,,2
2014-10-23,27,23,20,19,14,12,86,55,44,1019,1016,1015,21,10,7,18,11,,0.76,6,中雨,46
2014-10-24,28,24,20,20,18,17,90,70,49,1018,1016,1014,18,7,2,11,5,,0.00,7,中雨,87
2014-10-25,29,24,19,21,19,18,93,73,44,1019,1016,1015,14,5,2,6,5,,0.00,2,,91
2014-10-26,29,26,22,22,21,20,90,79,55,1019,1017,1016,8,3,2,11,5,,0.00,6,中雨,69
2014-10-27,33,27,22,22,19,14,94,65,25,1018,1016,1013,19,6,2,14,5,,0.00,1,,110
2014-10-28,31,26,20,21,18,15,90,61,31,1018,1016,1014,19,8,3,14,6,,0.00,6,,127
2014-10-29,32,27,22,21,19,17,85,63,35,1018,1016,1014,18,9,5,14,6,,0.00,5,,117
2014-10-30,31,26,21,21,20,19,90,68,46,1017,1015,1013,14,8,5,11,5,,0.00,4,,114
2014-10-31,31,26,21,22,21,18,92,70,44,1016,1014,1011,16,6,3,6,5,,0.00,3,,108
2014-11-1,32,27,21,23,21,19,92,72,45,1014,1012,1009,14,5,2,6,3,,0.00,1,,99
2014-11-2,26,23,20,22,16,12,91,61,43,1020,1016,1013,27,9,2,35,16,43,0.00,5,,10
2014-11-3,26,22,18,15,9,6,71,44,34,1021,1018,1016,19,12,6,29,19,,0.00,6,中雨,21
2014-11-4,23,21,18,15,11,7,73,49,35,1020,1017,1015,19,9,6,14,6,,0.00,6,,62
2014-11-5,26,22,19,20,18,13,86,69,57,1019,1017,1014,16,6,3,11,5,,0.51,7,中雨,81
2014-11-6,22,20,19,20,18,16,100,88,73,1020,1018,1016,18,7,2,21,11,,8.89,8,中雨,16
2014-11-7,20,18,17,17,17,16,100,91,78,1020,1018,1016,14,6,2,18,11,,6.10,8,中雨,20
2014-11-8,21,18,16,17,16,14,100,87,73,1022,1019,1017,26,9,3,26,13,29,8.89,7,中雨,15
2014-11-9,22,19,17,16,14,14,88,74,56,1022,1019,1017,26,10,6,18,10,29,0.00,7,,12
2014-11-10,21,19,17,17,16,15,94,86,71,1020,1018,1017,31,10,5,21,10,,0.00,8,中雨,21
2014-11-11,21,19,18,18,17,16,94,89,72,1019,1017,1016,23,9,4,14,6,,0.00,8,中雨,44
2014-11-12,21,19,17,17,16,13,94,80,66,1021,1019,1017,27,10,3,21,13,,4.06,7,中雨,9
2014-11-13,22,19,16,14,12,11,77,63,53,1023,1021,1019,18,8,6,21,14,,0.00,6,中雨,25
2014-11-14,24,20,16,15,12,9,83,62,44,1023,1021,1018,19,9,6,14,8,,0.00,6,,53
2014-11-15,27,22,17,18,15,13,87,68,44,1023,1020,1017,18,8,6,11,5,,0.00,6,,72
2014-11-16,27,22,17,17,15,12,88,65,35,1021,1019,1016,19,8,5,26,8,,0.00,1,,16
2014-11-17,24,19,15,12,11,9,68,56,36,1024,1021,1019,18,8,5,32,21,32,0.00,,,24
2014-11-18,23,19,15,11,10,9,68,55,37,1025,1023,1020,18,8,6,26,19,,0.00,3,,16
2014-11-19,24,19,14,13,10,9,80,56,32,1024,1021,1018,18,9,6,18,5,,0.00,5,,17
2014-11-20,25,19,13,15,13,11,89,66,36,1021,1018,1016,18,7,3,11,5,,0.00,3,,75
2014-11-21,27,20,14,17,15,13,95,70,35,1020,1017,1014,18,7,2,14,5,,0.00,4,,67
2014-11-22,28,22,16,18,16,14,90,69,37,1018,1016,1013,19,8,4,11,3,,0.00,2,,107
2014-11-23,29,23,17,19,18,16,94,73,40,1019,1016,1014,19,7,2,11,5,,0.00,4,,108
2014-11-24,29,23,18,20,18,17,94,75,44,1017,1015,1013,21,7,3,11,3,,0.00,3,,122
2014-11-25,28,23,18,20,18,15,94,75,46,1015,1013,1011,18,7,3,26,5,29,0.00,3,,327
2014-11-26,26,21,17,19,16,14,83,71,52,1016,1014,1012,13,6,5,18,10,,0.00,4,,31
2014-11-27,29,24,19,20,18,16,94,73,43,1017,1014,1012,18,6,2,14,8,,0.00,3,,100
2014-11-28,27,24,21,21,20,19,88,80,62,1017,1014,1012,11,5,2,6,5,,0.25,6,中雨,88
2014-11-29,29,26,22,22,22,19,94,80,54,1015,1012,1010,19,6,0,18,3,,0.00,5,中雨,155
2014-11-30,30,26,21,23,22,14,94,80,59,1015,1012,1010,13,6,3,32,5,55,0.25,6,中雨,79
2014-12-1,20,17,14,14,10,8,68,59,49,1022,1019,1015,31,14,8,32,24,,0.00,6,中雨,13
2014-12-2,15,13,12,12,9,6,94,77,59,1023,1021,1020,14,6,2,26,14,,3.05,8,中雨,28
2014-12-3,16,14,12,14,13,11,100,91,80,1022,1019,1015,11,5,0,26,6,,3.05,8,中雨,2
2014-12-4,16,12,9,13,6,-2,94,62,33,1025,1023,1021,31,15,8,35,24,40,7.87,7,中雨,23
2014-12-5,18,14,10,8,0,-4,72,38,19,1026,1023,1021,27,20,10,21,13,,0.00,8,中雨,34
2014-12-6,19,16,12,9,6,2,67,52,26,1023,1021,1018,26,14,10,11,6,,0.00,7,中雨,71
2014-12-7,15,13,12,11,11,9,94,86,67,1023,1021,1019,11,8,3,18,11,,4.06,8,中雨,6
2014-12-8,19,15,11,11,9,8,94,67,47,1024,1022,1019,18,10,5,18,10,,0.76,7,中雨,19
2014-12-9,24,19,14,12,10,9,79,59,32,1024,1022,1019,19,11,6,14,5,,0.00,6,,41
2014-12-10,23,19,15,12,10,8,77,58,36,1022,1020,1017,19,8,6,29,10,47,0.00,5,,352
2014-12-11,19,15,11,8,7,5,67,59,41,1025,1022,1020,16,8,6,29,21,50,0.00,6,,355
2014-12-12,17,13,9,6,0,-5,71,41,20,1029,1027,1024,19,15,11,35,23,55,0.00,,,11
2014-12-13,18,12,7,4,-3,-8,69,33,17,1030,1027,1024,19,15,8,21,14,,0.00,,,12
2014-12-14,20,13,7,7,2,-2,84,47,17,1027,1024,1020,27,12,6,11,3,,0.00,,,83
2014-12-15,22,16,9,9,6,3,79,52,27,1024,1021,1018,16,8,6,21,6,35,0.00,6,,27
2014-12-16,18,14,10,4,1,-4,51,38,16,1030,1027,1023,21,11,8,43,26,58,0.00,6,,16
2014-12-17,16,11,6,-1,-9,-15,50,24,8,1032,1029,1025,29,22,11,35,18,47,0.00,,,17
2014-12-18,17,11,6,6,-3,-8,63,34,16,1030,1027,1024,27,14,6,14,6,,0.00,7,,77
2014-12-19,14,11,8,9,7,3,94,74,51,1028,1025,1023,13,8,3,11,3,,1.02,8,中雨,55
2014-12-20,20,13,6,8,4,0,97,64,19,1024,1021,1018,26,8,2,14,3,,0.00,,,88
2014-12-21,19,13,7,6,3,-3,91,51,19,1028,1025,1022,26,13,10,32,11,43,0.00,4,,20
2014-12-22,18,12,6,4,-3,-7,81,38,12,1028,1025,1022,26,13,6,26,13,26,0.00,,,23
2014-12-23,15,12,8,9,3,0,88,55,26,1024,1022,1021,21,9,2,11,5,,0.51,7,中雨,91
2014-12-24,22,16,10,12,10,8,90,70,33,1024,1022,1020,23,6,3,11,5,,0.00,7,中雨,95
2014-12-25,22,18,14,14,12,10,90,70,46,1023,1020,1019,18,7,0,14,5,,5.08,6,中雨,70
2014-12-26,19,16,13,14,11,9,94,69,45,1023,1021,1018,14,6,0,18,6,29,2.03,7,中雨,23
2014-12-27,14,13,12,13,12,11,100,92,88,1025,1023,1020,10,5,2,21,11,,10.92,8,中雨,4
2014-12-28,16,12,9,11,8,5,100,76,49,1026,1024,1022,19,9,3,29,16,,1.02,6,中雨,348
2014-12-29,20,13,6,8,4,1,95,62,21,1025,1021,1018,23,8,2,18,10,,0.00,,,339
2014-12-30,21,13,5,8,4,-1,95,62,16,1022,1020,1017,26,8,3,14,3,,0.00,,,71
2014-12-31,23,14,6,7,4,-1,96,56,14,1025,1022,1020,27,9,3,26,6,,0.00,,,38
2015-1-1,21,15,9,5,1,-3,62,39,16,1028,1025,1023,27,19,11,26,10,,0.00,,,26
2015-1-2,20,13,6,7,0,-3,84,43,13,1027,1025,1022,26,11,6,11,3,,0.00,,,86
2015-1-3,21,13,7,10,7,3,94,66,22,1025,1022,1018,16,5,2,6,2,,0.00,1,,112
2015-1-4,22,14,8,14,10,7,95,69,35,1019,1016,1014,16,5,2,11,5,,0.00,5,,95
2015-1-5,23,19,16,18,16,13,89,78,64,1016,1014,1012,14,5,2,6,3,,0.51,7,中雨,47
2015-1-6,24,20,17,19,18,13,100,85,59,1016,1014,1012,10,3,0,26,5,,0.00,7,雾-中雨,24
2015-1-7,16,13,12,12,9,6,82,70,56,1026,1021,1016,19,9,6,29,21,,0.00,7,中雨,5
2015-1-8,19,13,8,6,3,0,71,49,22,1029,1026,1024,18,10,8,29,14,40,0.00,6,,18
2015-1-9,18,13,8,8,3,1,74,49,28,1027,1025,1023,18,9,6,18,6,,0.00,,,16
2015-1-10,20,15,10,7,3,0,75,47,23,1026,1024,1022,26,10,6,29,8,,0.51,,中雨,16
2015-1-11,16,12,9,10,7,5,88,69,45,1026,1023,1021,16,8,5,21,10,26,0.51,5,中雨,359
2015-1-12,12,11,10,11,9,9,100,92,82,1025,1023,1022,11,6,2,21,13,,13.97,7,中雨,6
2015-1-13,15,12,9,10,9,7,94,83,59,1024,1022,1021,31,11,3,21,13,29,3.05,6,中雨,356
2015-1-14,18,13,8,8,7,4,87,66,30,1025,1023,1021,31,16,10,32,14,,0.00,4,,355
2015-1-15,19,12,6,9,5,3,89,64,30,1026,1023,1021,26,9,3,18,10,,0.00,,,61
2015-1-16,21,13,7,8,7,4,94,63,24,1025,1023,1020,24,8,3,21,5,,0.00,1,,27
2015-1-17,21,15,9,9,4,1,81,47,22,1027,1024,1022,26,11,6,21,11,,0.00,,,26
2015-1-18,20,13,7,7,5,1,92,55,26,1028,1024,1022,18,7,5,21,8,,0.00,,,28
2015-1-19,22,14,8,8,1,-3,85,40,15,1025,1023,1020,18,8,6,26,10,,0.00,,,31
2015-1-20,22,14,6,11,7,3,94,63,24,1023,1021,1018,13,5,3,6,5,,0.00,,,108
2015-1-21,24,18,12,11,8,5,94,60,23,1023,1021,1018,14,6,2,21,5,,0.00,,中雨,15
2015-1-22,23,16,9,10,4,-1,82,50,11,1024,1021,1019,26,9,6,14,6,,0.00,,,90
2015-1-23,23,14,7,9,6,0,91,57,15,1022,1020,1017,21,8,3,21,5,,0.00,,,114
2015-1-24,21,15,9,15,11,8,91,70,43,1021,1019,1017,16,6,3,11,5,,0.25,6,中雨,83
2015-1-25,23,19,16,17,16,14,94,82,58,1020,1018,1016,13,5,2,11,5,,0.00,6,中雨,41
2015-1-26,23,19,15,17,16,14,100,82,52,1021,1018,1016,14,5,2,14,6,29,0.00,7,,57
2015-1-27,24,19,14,16,15,13,100,80,51,1020,1017,1014,13,5,3,11,3,,0.00,4,,118
2015-1-28,21,18,16,16,14,11,88,74,49,1020,1017,1015,13,5,3,14,6,,0.00,5,,111
2015-1-29,22,18,14,13,12,10,82,66,37,1021,1019,1017,14,7,5,26,10,,0.00,6,,54
2015-1-30,18,14,11,10,6,5,77,64,38,1025,1023,1020,19,11,6,26,18,,0.00,6,,350
2015-1-31,16,12,8,7,5,4,76,64,47,1029,1027,1025,18,11,10,21,11,,0.00,6,,3
2015-2-1,18,14,11,9,6,4,74,61,41,1030,1027,1024,19,11,8,18,13,,0.00,8,,13
2015-2-2,21,14,8,11,8,6,86,62,35,1028,1026,1022,19,8,3,14,6,,0.00,4,,32
2015-2-3,21,17,13,12,11,9,84,66,42,1027,1025,1022,16,7,5,18,8,,0.00,6,,15
2015-2-4,15,13,11,9,7,6,77,67,58,1027,1025,1023,23,9,6,26,14,,0.00,8,中雨,352
2015-2-5,15,12,9,6,3,0,71,55,35,1029,1027,1025,18,10,6,29,18,47,0.00,7,中雨,9
2015-2-6,15,11,7,7,1,-1,71,47,34,1028,1025,1022,18,6,3,18,11,,0.00,7,中雨,70
2015-2-7,16,13,10,8,6,4,76,61,45,1025,1022,1020,13,6,3,18,6,29,0.00,7,中雨,1
2015-2-8,19,14,9,4,0,-3,55,38,16,1027,1024,1022,18,8,6,35,14,40,0.00,,,15
2015-2-9,19,12,6,6,1,-1,79,43,18,1028,1025,1023,14,8,6,14,6,,0.00,,,35
2015-2-10,19,13,7,9,5,1,87,53,22,1025,1022,1018,19,7,3,11,5,,0.00,3,,84
2015-2-11,18,14,11,9,6,3,85,56,34,1020,1019,1017,13,6,3,14,5,,0.00,6,,354
2015-2-12,24,17,10,9,6,-1,88,56,13,1021,1018,1016,19,6,2,14,6,,0.00,5,,53
2015-2-13,23,16,8,10,6,1,90,56,15,1021,1018,1016,19,7,3,11,5,,0.00,1,,78
2015-2-14,23,18,12,13,8,6,77,54,25,1018,1016,1014,19,8,6,14,5,,0.00,6,中雨,352
2015-2-15,21,18,14,17,15,9,94,87,56,1018,1016,1014,11,4,2,11,6,,2.03,8,中雨,66
2015-2-16,23,19,14,18,16,13,100,89,62,1019,1017,1014,18,4,0,11,5,,0.00,7,雾,86
2015-2-17,26,19,13,18,16,13,100,81,49,1018,1016,1014,21,6,0,11,3,,0.00,2,雾,140
2015-2-18,24,19,14,16,15,13,92,73,50,1021,1018,1017,18,6,2,11,6,,0.00,6,,141
2015-2-19,23,19,16,16,14,12,89,70,46,1022,1019,1017,18,6,2,18,6,,0.00,6,中雨,135
2015-2-20,24,20,17,17,16,13,88,74,56,1020,1017,1014,26,8,5,18,10,,0.00,7,中雨,142
2015-2-21,24,21,18,20,18,16,100,84,61,1016,1014,1012,14,6,4,11,5,,11.94,8,中雨,81
2015-2-22,26,22,18,20,19,18,100,87,58,1017,1015,1012,18,5,2,14,5,,7.87,6,雾-中雨,126
2015-2-23,22,21,19,21,19,18,100,92,81,1016,1014,1012,11,5,1,14,5,,16.00,8,中雨,130
2015-2-24,26,22,19,21,20,18,100,87,69,1015,1013,1010,18,6,2,21,8,,0.25,6,中雨,138
2015-2-25,26,22,19,21,19,18,94,82,63,1015,1013,1010,19,8,3,29,13,,0.00,6,中雨,137
2015-2-26,28,24,20,20,19,18,94,79,60,1016,1013,1011,23,8,5,21,10,,0.00,5,,136
2015-2-27,25,22,20,20,19,17,94,79,68,1016,1014,1012,23,9,5,29,10,,0.00,6,,138
2015-2-28,24,20,15,19,17,13,88,78,61,1020,1016,1014,18,9,3,32,10,,0.00,8,中雨,121
2015-3-1,18,15,12,13,8,7,88,64,43,1024,1021,1019,31,13,10,29,19,40,0.00,7,中雨,359
2015-3-2,18,15,12,14,9,6,86,67,55,1022,1016,1012,27,10,3,14,8,,0.25,8,中雨,57
2015-3-3,18,16,13,17,15,11,100,90,82,1015,1012,1011,13,6,1,26,8,,2.03,8,中雨,36
2015-3-4,14,13,12,12,11,10,100,89,77,1018,1016,1014,31,8,3,18,11,,0.25,8,中雨,32
2015-3-5,15,14,13,14,13,12,100,96,92,1018,1016,1014,8,3,2,11,6,,2.03,8,中雨,40
2015-3-6,13,12,11,13,11,9,100,94,85,1020,1018,1016,16,7,4,18,8,,0.00,8,中雨,14
2015-3-7,18,14,11,14,12,9,94,85,68,1021,1018,1016,18,9,2,18,6,,0.00,7,中雨,49
2015-3-8,22,18,15,18,16,14,94,84,66,1019,1017,1015,13,4,2,11,3,,0.00,7,,237
2015-3-9,23,20,17,18,16,14,94,81,62,1021,1019,1016,16,7,0,26,6,26,0.00,7,雾-中雨,356
2015-3-10,18,16,14,14,13,12,100,85,73,1024,1022,1021,13,7,2,18,13,,2.03,7,中雨,31
2015-3-11,14,13,12,13,12,11,100,88,82,1024,1022,1021,14,9,2,18,10,,0.51,8,中雨,37
2015-3-12,16,13,12,13,12,11,94,86,72,1024,1021,1018,31,10,3,14,8,,8.89,7,中雨,20
2015-3-13,18,16,14,15,14,12,94,85,68,1021,1019,1017,18,8,4,11,5,,0.00,8,中雨,69
2015-3-14,21,19,17,18,17,14,94,88,72,1021,1018,1016,13,5,2,11,3,,0.00,8,中雨,30
2015-3-15,23,21,19,21,19,18,100,92,83,1017,1015,1013,7,4,0,18,3,,0.00,8,雾-中雨,127
2015-3-16,26,23,21,22,21,19,94,86,71,1017,1014,1012,18,5,2,18,8,,0.00,7,,129
2015-3-17,25,23,21,21,21,19,94,84,64,1014,1011,1008,23,8,3,21,11,,0.00,7,中雨,140
2015-3-18,27,23,21,22,21,19,94,84,63,1013,1010,1008,19,8,3,26,11,,0.00,6,,138
2015-3-19,30,26,22,23,22,20,94,82,58,1015,1012,1010,21,7,2,21,8,,0.00,6,中雨,122
2015-3-20,30,26,21,22,20,18,100,74,40,1017,1014,1013,23,8,3,14,6,,0.00,5,,145
2015-3-21,26,22,19,20,18,17,94,71,57,1019,1016,1015,14,8,3,26,8,,0.00,6,,347
2015-3-22,25,22,19,19,17,15,78,71,55,1019,1017,1015,18,7,4,14,6,,0.00,7,中雨,59
2015-3-23,23,20,18,18,17,13,94,78,44,1022,1019,1016,16,7,4,29,8,,1.02,6,中雨,80
2015-3-24,23,21,18,17,15,13,94,72,44,1024,1022,1020,31,11,8,26,8,,0.00,5,,45
2015-3-25,22,19,16,17,14,13,94,73,52,1026,1024,1022,26,11,5,14,8,,1.02,5,中雨,33
2015-3-26,19,17,16,18,17,14,100,92,80,1026,1024,1023,18,6,2,14,6,,1.02,8,中雨,98
2015-3-27,25,21,17,19,18,16,94,80,58,1025,1022,1019,31,9,4,11,3,,0.00,6,,79
2015-3-28,28,22,17,18,16,15,87,68,42,1020,1018,1015,19,8,5,11,6,,0.00,5,,115
2015-3-29,26,21,17,19,18,16,93,76,50,1019,1015,1013,18,6,2,14,6,,0.00,5,,137
2015-3-30,28,24,21,21,20,18,88,77,55,1016,1014,1011,18,7,4,18,10,,0.00,5,中雨,148
2015-3-31,30,26,22,21,21,19,88,76,50,1015,1012,1010,26,9,6,21,11,,0.00,5,,150
2015-4-1,28,24,22,23,22,20,89,80,65,1013,1011,1008,18,9,5,26,11,,0.00,6,中雨,139
2015-4-2,31,27,23,23,22,21,84,76,58,1009,1006,1003,23,10,6,29,18,35,0.00,6,,157
2015-4-3,29,27,24,24,23,21,83,79,65,1008,1005,1003,23,11,10,26,14,,0.00,6,,143
2015-4-4,32,28,24,23,23,21,89,74,52,1011,1008,1006,29,12,10,29,16,,0.00,6,,150
2015-4-5,33,28,22,23,21,13,89,68,25,1013,1010,1008,27,11,5,29,11,,0.00,3,,145
2015-4-6,33,27,20,22,21,18,94,67,35,1013,1011,1008,27,10,5,11,6,21,0.00,2,,123
2015-4-7,29,23,16,23,18,13,91,68,43,1020,1014,1011,16,8,5,35,13,,4.06,5,中雨,5
2015-4-8,18,15,12,13,12,9,94,79,59,1022,1020,1018,24,11,2,26,18,,26.92,8,中雨-雷暴,40
2015-4-9,16,14,13,13,12,11,94,86,76,1020,1019,1018,18,8,3,18,10,,2.03,8,中雨,24
2015-4-10,16,14,13,13,12,11,94,85,77,1021,1019,1018,26,10,3,18,10,32,14.99,7,中雨,12
2015-4-11,17,14,12,15,13,11,100,89,82,1022,1020,1018,14,8,3,14,5,,7.11,8,中雨,35
2015-4-12,26,20,14,15,13,12,94,68,34,1022,1020,1017,26,9,2,18,8,,0.00,5,,14
2015-4-13,28,20,13,15,12,8,94,57,20,1022,1019,1016,26,9,5,26,8,,0.00,,,33
2015-4-14,28,19,11,12,6,-1,76,38,10,1022,1018,1015,31,18,6,14,6,,0.00,,,111
2015-4-15,29,20,12,13,11,8,92,51,19,1017,1015,1012,26,9,5,26,6,26,0.00,,,144
2015-4-16,31,22,14,18,15,12,89,58,31,1017,1014,1010,18,8,6,14,6,29,0.00,,,119
2015-4-17,30,23,17,20,17,14,94,67,36,1014,1011,1008,26,8,3,26,10,43,0.00,3,,135
2015-4-18,28,24,21,24,21,17,84,78,70,1011,1008,1005,18,9,6,21,13,,0.00,6,中雨,134
2015-4-19,32,28,24,24,23,22,89,79,62,1009,1006,1004,18,8,6,21,14,,0.00,6,,149
2015-4-20,27,22,17,24,21,16,100,84,74,1012,1008,1005,27,10,3,29,11,47,17.02,6,中雨-雷暴,9
2015-4-21,26,22,18,17,15,14,83,66,40,1016,1014,1011,27,12,10,26,14,,0.00,5,,359
2015-4-22,27,22,17,17,14,12,70,56,37,1019,1017,1015,26,14,10,18,10,,0.00,5,,28
2015-4-23,25,22,20,18,17,15,87,68,52,1020,1018,1017,18,8,5,14,6,,0.25,5,中雨,63
2015-4-24,27,23,20,21,19,17,88,75,44,1020,1017,1016,23,7,5,18,6,,1.02,6,中雨,49
2015-4-25,29,24,21,22,21,19,94,78,54,1018,1016,1014,16,5,2,18,5,,2.03,4,,76
2015-4-26,25,23,21,23,22,19,100,90,67,1019,1016,1014,6,3,0,11,6,,5.08,6,中雨,79
2015-4-27,30,25,20,22,21,18,94,76,43,1016,1013,1010,18,5,0,11,5,,0.00,6,雾,152
2015-4-28,31,26,22,23,22,19,94,73,44,1013,1011,1008,16,7,3,14,8,32,0.00,4,,157
2015-4-29,32,27,22,24,22,21,94,76,46,1013,1010,1007,19,7,2,26,5,,12.95,4,中雨-雷暴,92
2015-4-30,32,27,22,24,23,19,94,75,37,1013,1010,1007,19,6,0,18,8,,0.00,4,雾-中雨,131
2015-5-1,31,28,25,25,23,21,94,77,57,1011,1008,1006,29,11,6,26,14,,11.94,6,中雨,157
2015-5-2,31,28,26,26,24,22,94,81,58,1010,1008,1005,27,12,6,29,13,26,0.00,5,中雨,170
2015-5-3,34,29,25,26,24,22,100,83,48,1011,1008,1005,27,9,0,32,5,40,38.10,6,中雨-雷暴,106
2015-5-4,33,28,24,26,25,22,100,83,57,1012,1009,1005,19,7,2,26,6,32,87.12,6,中雨-雷暴,162
2015-5-5,30,27,24,25,24,22,100,89,67,1010,1007,1004,23,7,2,35,8,,10.92,6,中雨-雷暴,104
2015-5-6,29,26,23,26,24,22,100,89,76,1010,1007,1004,18,8,3,35,13,58,36.07,7,中雨-雷暴,131
2015-5-7,30,27,23,26,24,22,100,90,70,1012,1009,1007,18,9,2,18,8,,66.04,6,中雨-雷暴,88
2015-5-8,30,28,26,26,25,24,94,86,72,1009,1007,1004,26,11,7,18,8,,2.03,5,中雨-雷暴,160
2015-5-9,29,26,23,26,24,21,100,92,65,1009,1008,1006,26,8,2,21,6,,34.04,6,中雨,114
2015-5-10,30,26,22,24,23,21,100,84,59,1011,1009,1007,26,9,2,18,6,,0.00,4,中雨,114
2015-5-11,30,26,21,26,23,17,100,88,68,1013,1009,1007,31,8,3,26,10,40,40.89,6,中雨-雷暴,92
2015-5-12,30,24,19,18,16,7,83,59,17,1015,1013,1011,31,15,10,26,13,,0.00,5,,41
2015-5-13,31,26,20,25,21,17,94,74,60,1013,1011,1009,23,10,5,21,8,,0.00,5,中雨,120
2015-5-14,34,29,24,25,24,22,94,77,49,1013,1011,1008,29,10,3,21,11,,0.00,5,中雨,140
2015-5-15,33,29,26,26,24,23,89,74,55,1012,1010,1007,27,12,10,26,11,,0.00,5,中雨,151
2015-5-16,29,26,22,25,23,21,100,91,74,1012,1009,1008,18,7,2,21,8,47,24.89,6,中雨-雷暴,149
2015-5-17,27,25,23,25,24,22,100,93,77,1009,1007,1005,19,6,0,21,5,,44.96,6,中雨,128
2015-5-18,32,28,24,26,25,23,100,84,58,1008,1006,1004,27,9,2,26,8,,1.02,6,中雨,158
2015-5-19,33,30,27,28,26,24,94,82,65,1007,1005,1003,27,10,5,26,11,,0.00,6,中雨-雷暴,165
2015-5-20,29,26,23,27,24,22,100,94,79,1008,1006,1004,14,8,2,18,10,35,51.05,6,中雨-雷暴,78
2015-5-21,26,23,22,25,24,21,100,97,86,1010,1007,1006,10,5,1,14,5,,29.97,7,中雨-雷暴,84
2015-5-22,24,23,22,23,23,21,100,95,81,1010,1008,1006,14,6,2,11,8,,5.08,8,中雨,85
2015-5-23,26,24,23,25,23,22,100,97,85,1007,1005,1004,10,4,1,26,6,,18.03,7,中雨-雷暴,85
2015-5-24,27,26,23,26,24,22,100,95,80,1007,1006,1004,11,4,0,11,3,,10.92,6,雾-中雨,65
2015-5-25,32,28,24,27,25,22,100,92,62,1008,1006,1003,11,4,0,18,5,43,29.97,5,雾-中雨-雷暴,92
2015-5-26,29,27,24,27,26,24,100,95,76,1008,1007,1005,16,5,1,32,6,40,17.02,6,中雨-雷暴,69
2015-5-27,34,30,26,28,27,24,100,86,63,1008,1005,1003,19,8,2,18,8,,0.00,6,中雨,134
2015-5-28,35,31,27,28,27,24,94,78,55,1006,1004,1001,23,10,6,21,10,,0.00,5,中雨,158
2015-5-29,36,32,28,28,26,24,89,75,56,1007,1005,1002,26,11,10,26,10,,0.00,5,,155
2015-5-30,35,30,24,28,26,23,100,84,63,1009,1006,1004,18,9,2,26,8,43,46.99,6,中雨-雷暴,164
2015-5-31,30,27,23,27,24,22,100,94,78,1009,1007,1005,18,6,2,32,6,50,21.08,6,中雨-雷暴,71
2015-6-1,32,28,23,27,24,22,100,92,68,1009,1007,1005,18,8,2,18,8,47,12.95,6,中雨-雷暴,80
2015-6-2,33,30,27,28,26,24,100,84,53,1010,1008,1006,27,10,5,21,10,,2.03,4,中雨-雷暴,156
2015-6-3,35,31,26,27,26,22,94,74,49,1011,1009,1006,31,12,8,18,10,,0.00,3,,158
2015-6-4,35,30,24,26,25,23,91,79,47,1010,1008,1005,31,11,3,32,8,,19.05,5,中雨-雷暴,172
2015-6-5,31,28,24,27,26,23,100,89,59,1008,1007,1005,26,9,1,18,5,29,35.05,5,中雨-雷暴,133
2015-6-6,33,29,24,27,25,23,100,87,54,1009,1007,1004,23,6,2,29,6,47,2.03,6,中雨-雷暴,94
2015-6-7,33,29,24,27,25,22,100,79,52,1009,1007,1006,31,11,4,21,8,,0.00,4,中雨-雷暴,150
2015-6-8,35,31,26,26,26,23,94,75,53,1009,1007,1004,31,12,10,21,11,40,6.10,4,,155
2015-6-9,34,29,25,27,26,23,100,78,54,1008,1006,1003,31,11,4,26,13,,0.51,5,中雨-雷暴,155
2015-6-10,34,29,25,28,26,24,100,89,63,1008,1006,1004,23,9,0,29,8,32,14.99,6,中雨-雷暴,91
2015-6-11,34,29,24,28,26,23,100,87,60,1010,1007,1005,19,9,3,21,5,,24.89,4,中雨-雷暴,161
2015-6-12,34,29,23,28,25,22,100,91,62,1010,1008,1006,19,7,0,35,6,72,16.00,5,中雨-雷暴,77
2015-6-13,33,29,24,27,24,23,100,85,50,1008,1007,1004,27,9,2,18,6,35,17.02,5,中雨-雷暴,89
2015-6-14,34,29,24,27,26,22,100,82,58,1009,1007,1005,26,10,3,18,8,29,10.92,4,中雨-雷暴,135
2015-6-15,34,29,25,27,26,22,94,81,52,1010,1008,1006,31,11,1,47,6,76,6.10,5,中雨-雷暴,123
2015-6-16,34,29,24,27,26,23,100,78,46,1010,1007,1005,27,10,3,21,6,,2.03,3,,170
2015-6-17,36,31,26,26,25,22,89,70,42,1007,1005,1002,31,13,10,21,10,32,0.00,3,,201
2015-6-18,35,30,26,26,25,22,89,68,37,1006,1004,1002,26,12,10,18,10,,0.00,3,,210
2015-6-19,36,31,26,27,25,22,85,67,38,1007,1005,1003,31,13,10,14,8,,0.00,4,,168
2015-6-20,35,31,26,27,25,22,89,68,36,1008,1006,1003,31,12,8,18,6,,0.00,3,中雨,135
2015-6-21,35,30,26,27,26,23,94,79,51,1006,1005,1003,27,11,5,18,8,,9.91,3,中雨-雷暴,88
2015-6-22,33,29,25,27,26,23,100,84,60,1005,1003,1001,31,12,4,29,8,,14.99,5,中雨-雷暴,92
2015-6-23,32,28,24,27,26,23,94,86,66,1006,1003,1002,31,12,6,21,11,29,8.89,5,中雨,104
2015-6-24,31,28,24,27,26,23,100,88,71,1006,1004,1003,27,11,4,21,10,,4.06,5,中雨,117
2015-6-25,34,30,26,28,26,23,94,82,56,1006,1004,1003,26,11,6,18,10,29,1.02,4,中雨-雷暴,144
2015-6-26,35,31,28,27,26,24,89,74,48,1007,1005,1003,27,12,10,21,10,,5.08,3,中雨,167
2015-6-27,35,31,28,27,26,23,89,73,46,1009,1007,1005,31,12,10,21,11,,0.25,4,,157
2015-6-28,36,31,27,27,26,23,89,72,46,1011,1008,1006,31,12,10,21,10,26,0.00,4,中雨,151
2015-6-29,35,31,28,27,26,23,84,71,46,1009,1007,1003,27,13,10,18,11,,0.00,4,,171
2015-6-30,37,32,28,27,26,23,84,70,44,1007,1004,1001,27,12,10,21,13,,0.00,5,,180
2015-7-1,36,32,28,28,26,23,89,70,44,1005,1002,999,27,13,10,21,11,32,0.00,5,,183
2015-7-2,37,33,29,28,26,24,84,70,48,1003,1001,999,27,12,10,21,13,,0.00,4,中雨,173
2015-7-3,37,32,28,27,26,23,89,71,48,1003,1001,999,27,12,10,26,10,,0.00,4,,145
2015-7-4,35,31,28,27,26,24,89,75,51,1004,1002,1000,26,12,10,18,11,,0.00,4,中雨-雷暴,136
2015-7-5,33,29,25,27,25,23,100,82,55,1004,1003,1001,27,10,3,18,8,29,14.99,5,中雨-雷暴,343
2015-7-6,31,28,24,24,22,21,94,74,51,1004,1002,1000,26,11,5,21,13,,0.00,6,中雨,352
2015-7-7,32,28,25,22,21,19,78,65,41,1003,1002,1000,27,12,10,26,16,43,0.00,5,,353
2015-7-8,31,28,24,22,21,18,74,64,45,1003,1002,1000,23,12,10,26,16,43,0.00,3,中雨,10
2015-7-9,31,27,24,24,22,19,100,76,49,1002,999,996,27,11,2,35,18,47,41.91,5,中雨,352
2015-7-10,33,29,24,26,24,23,100,80,48,1002,1000,998,31,11,3,29,14,,17.02,6,中雨,31
2015-7-11,36,30,24,25,24,21,85,67,38,1002,1000,998,27,12,8,18,11,32,0.00,2,,353
2015-7-12,37,31,26,27,24,22,84,66,39,1003,1001,999,23,10,6,14,8,,0.00,2,,24
2015-7-13,37,32,27,27,26,22,89,68,34,1003,1001,999,18,7,2,14,6,,0.00,4,中雨,103
2015-7-14,37,31,26,27,26,22,87,67,38,1003,1001,998,23,11,6,18,6,,0.00,2,,123
2015-7-15,36,31,27,27,26,23,89,70,41,1002,1000,997,24,11,8,18,8,,0.00,4,中雨,119
2015-7-16,35,30,26,27,26,24,100,81,55,1001,1000,997,14,8,0,21,8,35,100.08,5,中雨-雷暴,121
2015-7-17,34,29,25,27,26,23,100,86,65,1003,1001,999,14,8,3,14,8,,125.98,6,中雨-雷暴,45
2015-7-18,33,29,25,27,26,24,100,89,49,1003,1001,1000,23,8,1,29,6,,7.87,5,中雨-雷暴,43
2015-7-19,35,30,25,27,26,24,94,79,50,1003,1001,999,19,9,2,21,5,40,4.06,4,中雨-雷暴,35
2015-7-20,32,29,26,26,26,23,94,83,62,1003,1001,1000,14,9,2,21,8,,9.91,5,中雨-雷暴,59
2015-7-21,29,27,24,27,25,23,100,90,79,1008,1005,1002,26,9,3,26,8,,33.02,6,中雨-雷暴,210
2015-7-22,32,28,25,27,25,23,100,87,54,1008,1007,1004,27,10,1,21,8,40,0.51,5,中雨-雷暴,166
2015-7-23,31,28,25,28,26,23,100,90,56,1007,1006,1005,26,8,1,21,6,,6.10,4,中雨-雷暴,134
2015-7-24,30,28,25,26,25,22,94,86,72,1007,1005,1004,31,11,8,21,11,,2.03,5,中雨,153
2015-7-25,32,29,26,27,26,23,94,85,65,1007,1005,1004,27,10,5,21,6,,0.00,4,中雨-雷暴,152
2015-7-26,33,29,26,27,26,23,100,81,57,1011,1007,1005,27,10,6,29,10,,6.10,4,中雨,155
2015-7-27,32,28,24,26,25,23,100,84,66,1012,1010,1008,26,10,5,26,8,32,8.89,3,中雨-雷暴,125
2015-7-28,33,28,24,25,24,21,94,81,49,1013,1011,1009,27,11,4,29,6,,0.00,4,中雨-雷暴,136
2015-7-29,31,27,23,26,24,21,100,81,54,1012,1011,1009,29,11,5,26,8,,0.00,3,中雨-雷暴,122
2015-7-30,32,28,24,26,24,21,94,81,54,1012,1010,1009,26,11,6,21,8,,7.87,4,中雨-雷暴,107
2015-7-31,33,28,23,25,23,17,94,71,31,1012,1010,1008,27,12,6,21,8,,0.00,4,,125
2015-8-1,34,29,24,25,24,21,94,73,45,1012,1010,1008,23,11,5,14,6,,0.00,4,中雨,118
2015-8-2,35,30,24,25,23,20,94,69,41,1013,1011,1009,27,11,6,11,8,,0.00,3,,124
2015-8-3,35,29,23,25,23,20,91,68,39,1012,1010,1008,26,11,7,11,6,29,0.00,3,,122
2015-8-4,35,29,24,26,23,19,89,66,32,1010,1008,1005,26,11,8,11,6,35,0.00,4,,95
2015-8-5,36,30,24,26,24,21,89,68,36,1008,1005,1002,21,9,5,11,5,,0.00,4,,108
2015-8-6,36,30,25,26,24,21,89,67,33,1007,1005,1002,21,9,3,14,5,,0.00,3,,104
2015-8-7,37,30,24,26,24,21,100,68,33,1007,1004,1000,19,9,3,32,11,50,0.00,2,中雨-雷暴,5
2015-8-8,37,32,27,25,23,21,74,57,32,1002,999,996,23,13,6,32,14,47,0.00,1,,328
2015-8-9,35,31,26,25,23,22,79,61,40,1002,998,996,27,14,10,26,13,,0.00,2,,288
2015-8-10,31,28,26,27,26,22,94,83,54,1007,1003,1000,23,8,3,18,6,,12.95,6,中雨-雷暴,141
2015-8-11,28,26,24,26,26,23,100,93,82,1009,1007,1005,10,5,0,21,5,,61.98,6,雾-中雨-雷暴,86
2015-8-12,34,30,26,27,26,22,100,81,40,1009,1007,1004,26,8,2,14,6,,9.91,4,中雨-雷暴,88
2015-8-13,33,29,25,27,26,23,100,84,66,1008,1007,1004,23,9,5,29,6,47,14.99,5,中雨-雷暴,121
2015-8-14,34,29,24,27,26,22,100,90,59,1008,1006,1004,18,7,2,29,6,40,36.07,5,中雨-雷暴,90
2015-8-15,32,28,24,27,25,22,100,93,74,1009,1007,1006,18,6,1,32,6,55,14.99,6,中雨-雷暴,117
2015-8-16,35,29,24,27,26,23,100,84,59,1009,1007,1005,18,7,3,14,6,,0.00,6,中雨-雷暴,128
2015-8-17,34,29,25,27,26,24,100,84,56,1009,1007,1005,26,9,6,26,6,55,0.51,4,中雨-雷暴,125
2015-8-18,35,30,26,27,26,22,94,75,39,1009,1007,1004,26,11,6,18,8,29,0.00,5,,135
2015-8-19,37,32,27,28,26,23,94,72,45,1008,1007,1004,26,11,6,11,6,26,0.00,4,中雨,169
2015-8-20,33,29,26,28,27,24,90,82,65,1007,1006,1004,18,9,4,26,6,,21.08,4,中雨-雷暴,125
2015-8-21,35,30,26,26,24,22,84,68,49,1005,1003,1000,23,11,8,21,13,40,0.00,3,,351
2015-8-22,35,30,26,24,23,22,81,64,42,1003,1001,999,19,10,6,21,13,,0.00,4,,355
2015-8-23,36,30,25,25,23,21,83,61,38,1003,1000,998,23,11,5,18,11,43,0.00,2,,356
2015-8-24,36,30,25,24,22,18,81,58,29,1005,1002,1001,26,10,5,21,10,,0.00,4,,8
2015-8-25,36,29,23,24,21,18,88,59,29,1008,1005,1004,23,11,3,18,8,,0.00,,,59
2015-8-26,36,29,23,25,23,20,86,64,33,1009,1007,1005,18,9,3,18,8,,0.00,3,,98
2015-8-27,36,30,24,25,24,21,100,73,38,1009,1007,1005,23,7,2,14,8,,0.00,3,中雨-雷暴,82
2015-8-28,31,28,24,26,25,23,100,84,62,1008,1006,1004,14,6,3,11,6,,4.06,4,中雨,71
2015-8-29,32,28,24,26,25,23,100,90,60,1007,1006,1004,11,5,2,29,8,,28.96,6,中雨-雷暴,75
2015-8-30,30,27,24,25,24,23,94,87,69,1008,1006,1005,16,7,0,21,8,,14.99,6,雾-中雨,54
2015-8-31,29,27,24,26,25,23,100,89,74,1008,1007,1006,14,8,0,11,5,,5.08,6,中雨-雷暴,76
2015-9-1,30,27,24,26,25,23,100,92,76,1010,1007,1006,14,7,1,14,8,,36.07,6,中雨-雷暴,80
2015-9-2,28,26,24,26,25,23,100,94,83,1013,1010,1008,14,9,2,14,8,,5.08,7,中雨,90
2015-9-3,29,27,24,27,25,22,100,91,79,1015,1012,1011,18,9,2,11,5,,3.05,5,雾-中雨,73
2015-9-4,34,29,25,26,25,22,100,79,44,1014,1012,1010,27,9,2,14,6,,0.00,5,,134
2015-9-5,35,30,25,27,25,21,94,75,41,1013,1010,1007,26,10,3,14,5,32,0.00,4,,198
2015-9-6,35,31,26,26,25,23,89,71,44,1010,1007,1004,27,11,8,18,10,,0.00,3,,230
2015-9-7,30,27,24,27,24,23,100,84,74,1009,1007,1005,26,9,3,18,6,,19.05,5,中雨,46
2015-9-8,33,29,24,25,23,22,94,74,49,1011,1009,1007,19,9,3,14,6,,0.00,4,,112
2015-9-9,32,28,23,25,23,22,91,73,49,1014,1011,1009,16,7,2,6,5,,0.00,3,,109
2015-9-10,32,28,24,26,24,22,90,77,49,1014,1012,1009,14,5,2,18,6,,0.00,5,,129
2015-9-11,33,28,24,25,23,22,89,71,46,1012,1010,1007,14,7,4,11,6,,1.02,4,,133
2015-9-12,34,29,23,25,23,20,91,71,40,1014,1011,1009,18,8,2,29,8,,0.51,3,中雨,66
2015-9-13,30,27,23,21,19,18,74,65,51,1016,1014,1012,18,10,6,26,16,,0.00,4,,24
2015-9-14,31,27,22,22,21,18,85,67,44,1015,1012,1010,19,10,6,18,10,,0.00,5,,53
2015-9-15,34,28,22,24,22,19,89,69,40,1014,1011,1009,26,9,5,14,8,,0.00,4,,68
2015-9-16,32,28,24,24,22,20,83,68,50,1014,1012,1010,18,9,6,18,10,,0.25,6,,81
2015-9-17,35,30,24,24,23,19,90,67,39,1016,1014,1012,23,9,3,11,6,,0.00,3,中雨,98
2015-9-18,34,29,24,25,24,22,89,72,46,1017,1014,1012,13,6,3,11,6,,0.00,4,中雨,154
2015-9-19,35,30,25,26,24,22,89,73,51,1013,1011,1008,23,8,3,14,8,,0.00,3,中雨,183
2015-9-20,33,28,24,26,24,22,94,82,52,1010,1008,1005,21,10,1,26,10,,5.08,5,中雨-雷暴,158
2015-9-21,26,24,23,24,24,22,100,95,83,1010,1008,1007,13,7,2,11,5,,12.95,7,中雨,36
2015-9-22,32,28,23,26,24,22,100,84,53,1011,1009,1007,23,7,2,14,8,,0.00,5,雾-中雨,89
2015-9-23,34,29,24,26,25,22,94,77,49,1011,1008,1006,18,7,2,11,6,,0.00,3,雾,120
2015-9-24,35,30,25,26,25,21,94,76,38,1009,1006,1003,26,9,3,11,5,,0.00,4,,184
2015-9-25,36,30,24,26,25,22,94,73,39,1006,1004,1002,23,9,3,11,3,,0.00,4,,207
2015-9-26,34,30,26,26,24,22,91,72,51,1009,1006,1005,23,9,3,21,10,,0.00,3,中雨,21
2015-9-27,32,28,24,23,22,19,79,65,40,1011,1008,1007,26,11,10,21,11,,0.00,5,,19
2015-9-28,33,28,23,21,20,18,85,59,34,1010,1007,1005,23,12,6,26,13,35,0.00,3,,355
2015-9-29,34,29,23,23,19,13,78,55,36,1009,1006,1004,26,14,10,21,13,40,0.00,5,,338
2015-9-30,32,28,25,26,23,20,89,70,58,1014,1010,1008,13,8,3,14,8,,0.00,4,中雨,49
2015-10-1,34,29,25,26,23,19,94,70,43,1015,1013,1011,31,8,2,29,10,32,0.00,3,,25
2015-10-2,33,28,23,22,20,18,74,60,43,1015,1013,1011,26,13,10,21,13,,0.00,4,,37
2015-10-3,32,28,24,25,22,19,94,73,50,1014,1013,1011,26,11,6,21,11,,2.03,6,中雨,51
2015-10-4,27,26,24,25,24,22,100,92,84,1015,1013,1012,18,9,1,21,13,,23.88,6,中雨,64
2015-10-5,27,26,24,25,24,23,100,95,77,1016,1014,1013,19,8,1,29,13,47,7.87,6,中雨-雷暴,78
2015-10-6,28,26,24,26,24,22,100,90,78,1015,1013,1012,16,7,3,14,6,,3.05,6,中雨,95
2015-10-7,30,27,23,26,24,22,100,90,68,1015,1012,1010,26,8,1,21,6,,17.02,5,中雨-雷暴,129
2015-10-8,31,27,23,25,22,18,100,73,44,1012,1011,1009,27,10,2,21,8,32,0.00,4,中雨,348
2015-10-9,29,24,21,19,18,16,79,65,44,1014,1012,1011,27,13,10,21,13,,0.00,3,中雨,4
2015-10-10,25,21,17,18,17,14,94,73,60,1019,1015,1013,24,11,4,32,14,50,1.02,7,中雨,22
2015-10-11,21,18,16,17,15,13,88,77,60,1022,1020,1017,31,12,10,26,14,,0.51,8,中雨,41
2015-10-12,27,22,18,18,14,10,94,62,37,1022,1019,1017,26,13,7,21,6,,0.00,8,,32
2015-10-13,30,25,20,19,16,13,79,57,34,1021,1019,1016,27,12,8,14,6,,0.00,6,中雨,69
2015-10-14,31,24,19,19,17,11,88,59,27,1019,1017,1014,23,9,3,11,6,,0.00,,,81
2015-10-15,32,25,18,19,17,14,92,62,33,1016,1015,1012,16,8,2,14,6,,0.00,,,48
2015-10-16,32,25,18,19,15,12,91,54,28,1016,1014,1011,27,12,3,18,6,,0.00,,,44
2015-10-17,32,24,16,18,15,13,83,55,26,1016,1013,1011,26,14,8,18,5,21,0.00,,,42
2015-10-18,31,24,18,18,14,10,83,54,26,1015,1013,1011,24,15,6,26,8,,0.00,,,23
2015-10-19,29,23,18,17,14,10,78,54,30,1013,1011,1007,23,15,6,29,8,,0.00,,,16
2015-10-20,30,24,19,17,14,10,74,50,30,1011,1009,1006,27,15,8,21,10,,0.00,,,2
2015-10-21,31,24,18,20,17,16,83,61,40,1012,1010,1008,26,10,6,14,5,,0.00,1,,28
2015-10-22,32,26,21,20,19,16,86,61,35,1014,1012,1010,24,11,5,18,6,,0.00,2,,33
2015-10-23,33,26,19,21,18,14,91,62,31,1015,1013,1011,27,11,3,14,6,,0.00,1,中雨,71
2015-10-24,32,26,19,21,18,14,88,64,30,1017,1015,1013,24,10,3,11,6,,0.00,,,87
2015-10-25,31,26,22,23,21,19,89,76,51,1018,1016,1014,18,7,3,11,6,,0.00,4,中雨,97
2015-10-26,30,26,21,23,22,20,91,76,54,1018,1016,1014,16,7,3,11,6,,0.00,4,,111
2015-10-27,29,26,22,24,23,21,94,85,63,1017,1015,1013,16,7,3,18,5,,0.00,4,中雨,74
2015-10-28,31,27,22,24,23,21,100,79,47,1019,1016,1014,14,5,2,14,6,,0.51,4,,106
2015-10-29,31,27,22,23,22,19,89,74,48,1020,1017,1015,18,8,3,14,8,,0.00,5,中雨,133
2015-10-30,30,26,22,23,22,18,94,78,52,1020,1017,1016,18,8,2,26,8,,0.76,4,中雨,62
2015-10-31,25,22,18,18,17,15,88,71,54,1023,1021,1020,23,11,10,26,14,,0.51,6,中雨,31
2015-11-1,20,18,16,17,14,11,88,77,62,1025,1023,1022,31,13,10,29,16,,0.00,7,中雨,16
2015-11-2,25,20,15,13,9,7,77,53,33,1024,1021,1018,31,15,10,21,13,,0.00,3,,29
2015-11-3,27,21,16,17,14,10,82,63,42,1022,1020,1018,27,12,6,14,8,,0.00,5,,69
2015-11-4,29,23,17,20,17,16,88,69,43,1020,1018,1016,26,11,3,11,6,,0.00,3,,67
2015-11-5,31,26,20,23,20,18,89,70,47,1018,1016,1013,21,9,2,11,6,,0.25,3,中雨,110
2015-11-6,29,26,22,23,22,20,91,79,56,1017,1015,1013,18,8,3,14,6,,0.00,6,,126
2015-11-7,30,26,21,24,23,20,94,81,59,1018,1016,1014,18,7,2,11,3,,1.02,5,中雨,97
2015-11-8,30,27,23,24,24,22,94,83,60,1018,1016,1014,19,8,0,11,6,,0.00,6,雾,111
2015-11-9,28,24,21,24,21,16,94,78,59,1018,1016,1015,29,10,3,26,11,,0.00,6,中雨,10
2015-11-10,23,21,19,18,17,15,83,73,63,1020,1017,1016,26,11,8,18,11,,0.00,7,中雨,51
2015-11-11,25,22,20,20,19,17,88,80,62,1019,1017,1015,14,8,3,14,8,,0.00,8,中雨,54
2015-11-12,24,22,19,20,19,17,94,84,64,1019,1017,1015,13,8,3,18,8,,0.51,7,中雨,44
2015-11-13,19,18,17,17,17,15,100,93,87,1018,1016,1015,18,9,3,26,13,,26.92,8,中雨,360
2015-11-14,26,21,17,21,18,15,94,81,59,1017,1015,1013,27,12,6,14,10,,0.00,4,,24
2015-11-15,28,24,21,22,21,19,94,81,63,1017,1014,1012,14,9,5,18,8,,0.51,5,中雨,112
2015-11-16,29,25,21,24,22,19,89,80,60,1015,1013,1010,23,10,6,26,8,,0.00,5,中雨,134
2015-11-17,30,26,22,24,22,20,100,81,52,1015,1013,1011,26,10,5,18,8,,0.00,4,,128
2015-11-18,31,26,22,23,22,20,100,81,48,1017,1015,1014,26,8,2,11,6,,0.00,3,,94
2015-11-19,29,24,21,23,22,19,94,83,62,1019,1017,1015,16,7,2,14,6,,0.00,4,,80
2015-11-20,29,24,21,23,22,19,94,81,50,1019,1016,1014,14,7,2,11,6,,0.00,4,中雨,99
2015-11-21,26,23,22,23,21,19,94,81,67,1020,1017,1015,18,8,2,14,10,,0.00,5,中雨,42
2015-11-22,30,26,21,20,19,18,88,74,48,1019,1017,1015,19,11,6,18,8,,0.00,4,中雨,53
2015-11-23,29,24,19,19,18,17,91,72,49,1020,1017,1014,26,16,5,18,8,,0.00,,中雨,58
2015-11-24,28,23,18,20,18,16,89,72,46,1019,1017,1014,26,11,3,14,8,29,0.00,3,,74
2015-11-25,23,18,13,20,12,7,88,64,46,1023,1020,1017,31,13,10,40,19,,0.00,4,,359
2015-11-26,21,16,11,7,4,3,67,46,27,1025,1023,1020,31,27,21,32,23,,0.00,,,22
2015-11-27,21,15,9,9,4,1,76,48,20,1026,1024,1021,31,20,10,18,11,26,0.00,3,,53
2015-11-28,21,16,12,12,9,7,77,63,37,1025,1023,1021,26,12,6,14,6,,0.00,6,,82
2015-11-29,24,19,15,16,13,11,82,69,47,1024,1022,1020,18,8,5,26,8,,0.00,4,,22
2015-11-30,24,20,16,15,14,12,82,69,46,1022,1020,1017,19,10,8,18,11,,0.00,4,,358
2015-12-1,25,21,17,19,16,13,88,73,52,1019,1017,1015,16,9,5,11,6,,0.00,4,中雨,59
2015-12-2,26,21,17,20,17,12,94,79,56,1020,1017,1015,23,6,2,29,8,,0.25,5,中雨,41
2015-12-3,16,14,14,15,13,12,100,93,86,1023,1021,1020,11,6,3,21,13,,7.87,8,中雨,24
2015-12-4,15,14,13,14,12,11,100,89,77,1025,1023,1021,16,9,3,21,13,,6.10,8,中雨,30
2015-12-5,15,13,12,12,11,10,100,87,77,1024,1020,1018,18,9,5,26,11,,6.10,7,中雨,16
2015-12-6,16,13,11,11,8,7,94,74,55,1026,1024,1022,31,12,10,32,21,,0.00,5,中雨,12
2015-12-7,16,13,10,10,8,7,77,69,53,1027,1025,1022,31,12,10,26,18,,0.00,7,,9
2015-12-8,15,13,12,13,10,8,100,78,63,1026,1024,1021,26,10,2,18,14,,2.03,7,中雨,16
2015-12-9,15,14,13,14,13,12,100,94,88,1022,1019,1015,11,8,2,21,10,,21.08,7,中雨,351
2015-12-10,22,18,14,15,14,12,94,81,58,1018,1016,1014,27,12,5,26,11,,0.00,5,,7
2015-12-11,21,18,14,14,12,12,88,72,57,1019,1017,1015,26,11,10,26,13,,0.00,5,,31
2015-12-12,19,17,14,16,14,11,94,83,67,1018,1016,1013,14,8,5,11,6,,0.00,8,中雨,51
2015-12-13,22,19,16,18,16,14,100,85,63,1017,1016,1014,14,6,4,18,6,,1.02,7,,360
2015-12-14,19,17,14,15,13,10,100,80,64,1020,1018,1016,31,12,3,26,16,,3.05,8,中雨,2
2015-12-15,20,16,12,10,9,8,72,62,43,1024,1021,1018,26,12,6,29,21,43,0.00,4,中雨,6
2015-12-16,17,13,11,8,3,-2,72,49,23,1028,1025,1023,29,10,6,32,23,43,0.00,1,,20
2015-12-17,15,11,6,1,-3,-7,61,35,16,1030,1027,1025,29,24,10,32,23,50,0.00,,中雨,25
2015-12-18,18,11,5,5,-1,-4,73,47,22,1030,1027,1024,27,20,10,18,8,,0.00,,,56
2015-12-19,20,13,6,8,4,2,81,57,21,1028,1026,1024,31,20,10,14,8,,0.00,,,68
2015-12-20,21,16,12,12,9,6,82,64,38,1025,1023,1020,26,10,6,11,5,,0.00,6,中雨,85
2015-12-21,18,16,14,14,13,11,88,79,68,1024,1022,1020,14,7,5,11,6,,0.76,7,中雨,65
2015-12-22,21,18,15,18,16,14,94,87,68,1022,1020,1018,13,4,0,14,3,,0.51,7,雾-中雨,66
2015-12-23,24,21,18,21,19,17,100,92,65,1020,1017,1015,13,2,0,18,3,,0.00,7,雾-中雨,120
2015-12-24,26,20,14,22,19,12,100,91,62,1020,1016,1014,19,5,1,35,8,,2.03,7,中雨,356
2015-12-25,19,16,12,11,9,7,82,65,44,1025,1023,1021,31,14,10,32,23,43,0.00,7,中雨,3
2015-12-26,14,12,11,12,9,7,100,84,60,1023,1022,1020,23,9,2,21,11,,6.10,8,中雨,26
2015-12-27,19,16,12,13,12,10,100,83,66,1027,1023,1022,23,9,2,29,10,,3.05,6,中雨,12
2015-12-28,20,16,11,11,9,8,88,65,44,1030,1027,1025,26,11,8,21,11,,0.00,5,,41